2.48659631609917 2.43457267060876
-1.32970444113016 -0.881720133125782
2.27431074157357 1.62487293034792
-2.78009468689561 1.62025931477547
1.2622275352478 0.892607431858778
0.335329864174128 1.10068340227008
-1.27754874527454 2.56301986798644
1.74806859716773 2.42083435505629
1.53465427085757 2.58107675239444
-2.59921757131815 2.95226391777396
-1.44917339086533 2.69982084259391
-0.147756468504667 0.182925242930651
-0.717946972697973 0.900413751602173
2.10295817255974 2.29495237767696
-1.24517558142543 1.70402657985687
-1.74180151149631 -0.85367001965642
-2.61371481791139 2.61624889820814
1.73200582712889 -0.912309933453798
1.99974333867431 2.55317543074489
1.59236606582999 2.47953392192721
3.08231660351157 2.11659704521298
-0.736979767680168 0.201932016760111
-2.59749104082584 2.02624720335007
-0.0465927720069885 -1.04525245726109
-1.56807004660368 2.3289396725595
-1.54624328017235 1.98691746219993
-0.895271696150303 0.738070648163557
1.02014878764749 1.41295490786433
-0.606061540544033 0.142673276364803
1.88097581267357 2.14492781460285
-1.20301021263003 0.523277129977942
1.53432196378708 1.18692905828357
-0.452282562851906 -0.0227942690253258
0.853443082422018 0.715301334857941
-0.0363499596714973 -1.17364138364792
-1.84097946435213 0.183470901101828
-1.41671750694513 -0.871196769177914
-1.05066857486963 -0.373467218130827
-0.157399609684944 -1.95203027874231
0.702928647398949 1.22199926897883
1.26679750531912 0.972720496356487
-2.28209612518549 2.7756889835
2.63751556351781 2.52007769048214
-1.79397742822766 -0.0856886804103851
-0.984444085508585 0.754901356995106
1.68016597256064 2.35389844328165
-1.37850318849087 1.79860073328018
1.31677434593439 -0.0887731350958347
-0.451382834464312 0.202333986759186
-1.65396974235773 2.70002011954784
2.10396371036768 1.69576168060303
0.348191875964403 1.41403954476118
-2.886872921139 2.29461359605193
-2.37596017867327 2.17154671251774
1.70970040559769 2.253413207829
2.59260872006416 1.55653009563684
-0.00321865826845169 0.0150257162749767
1.61784279718995 1.74927518516779
-1.67954908683896 2.69053702801466
1.81553002819419 1.17761762067676
-2.24391993135214 3.05212763696909
-1.70891262218356 -0.315504018217325
-1.24808947369456 1.46100731566548
0.981230668723583 0.941882155835629
-2.76542261242867 1.45909713953733
2.33977856114507 1.57284754514694
-0.370887719094753 0.927356790751219
-1.47894996777177 1.84365487098694
2.40720135718584 2.99810223281384
-1.79331250488758 1.67970398068428
-1.54841577634215 0.0288515537977219
0.400816455483437 0.563004482537508
-0.176187746226788 -1.70444327965379
-0.188334427773952 -1.73597410321236
0.406121298670769 -1.81409457325935
-2.95733570307493 2.6088462844491
1.13598621636629 -0.147954396903515
2.42537142708898 2.08733320981264
-1.51855104789138 -1.2161068841815
0.642915282398462 1.56036474183202
0.460811156779528 -0.0334654301404953
-1.54954474419355 -0.927773300558329
1.22205958142877 0.727451350539923
-0.148780234158039 -1.19605153799057
1.24005855992436 -1.12800044938922
-0.828010484576225 0.144776184111834
-1.64229214191437 -0.383551556617022
1.81041978299618 2.57920738309622
0.483426880091429 -0.766398385167122
-0.156814407557249 -0.826456755399704
-1.58719199150801 -0.33639407902956
-1.89737415313721 1.50162753462791
2.48473640531301 2.02004538103938
2.0083470903337 1.34923879429698
-0.610947616398335 0.602964583784342
1.90693973004818 -0.158846355974674
1.55365108698606 2.71481930464506
0.162513006478548 1.86785513907671
-1.7965929210186 2.64461847767234
1.14586570113897 0.120216567069292
1.69717729091644 2.31419786065817
-0.0502823628485203 -0.35381069406867
0.920845605432987 1.33037336543202
-0.77141397818923 1.51262597739697
0.880903970450163 -1.29994871467352
-2.27959518507123 1.74577496573329
0.593318771570921 0.475746504962444
-0.784848269075155 1.03724147379398
1.04299453273416 0.686718728393316
-2.04975106567144 1.65818792954087
-1.44125512242317 -0.4657984636724
-2.55626382678747 1.47096086293459
-1.00547302141786 -0.635141987353563
-0.714585937559605 -0.828473325818777
0.222335994243622 1.31058537214994
-2.61465429514647 1.4124010168016
2.1510003618896 1.69182347133756
0.750100795179605 1.17937881872058
0.474958315491676 -0.486933849751949
2.86514718830585 1.60023248195648
-0.51600394397974 1.24483609944582
1.32257879897952 -0.179085679352283
-1.69224615767598 0.0211797431111336
1.59829062595963 0.379651620984077
-2.80018591880798 1.66528017818928
-0.247633121907711 1.72228469699621
1.66795390099287 2.60782428085804
1.86900617182255 1.34880736097693
1.51573212444782 2.07423106953502
0.0335874408483505 -1.52310880273581
-1.27466034516692 2.1119109839201
0.213265348225832 -0.565073449164629
-1.32674767076969 1.20910188928246
0.0240707062184811 -0.0319571942090988
2.3968082331121 2.57942732051015
1.5773763731122 2.43829375505447
-2.8016807064414 2.66085865348577
-0.284300953149796 -1.03130558878183
-1.81993281841278 -0.607505306601524
-0.0676534362137318 -1.53641482442617
2.05733592435718 2.16140357032418
-1.35369220003486 -0.640677515417337
1.32909528538585 1.2722085416317
-0.443249143660069 -1.51046822965145
0.848115745931864 0.300239413976669
-2.82685557380319 1.86556215956807
-0.839638534933329 0.874748289585114
-0.170569613575935 -1.69930594414473
-1.62969195470214 -0.382670618593693
1.5294054299593 1.05043615400791
-2.64868988096714 2.80275732651353
1.15056489780545 -0.53056026622653
-0.371023945510387 1.68830671533942
-0.467818435281515 -0.697207290679216
0.886407468467951 1.25672049075365
1.55448206886649 1.42481105402112
-2.48575495928526 1.43157913163304
2.32338088750839 1.17791655659676
-0.36584210768342 -0.744773358106613
-0.249044418334961 0.0387644618749619
-2.81429840624332 2.40206489339471
0.947893530130386 0.716013379395008
-0.297337025403976 0.034835409373045
-0.107151750475168 -1.02059166505933
1.05745089426637 -0.157428339123726
-0.196242779493332 0.972894694656134
-1.69917979836464 1.73679752647877
0.124794103205204 0.0177036784589291
1.29614556953311 -1.03113146498799
0.854025457054377 1.46928589046001
0.653255291283131 -0.840291451662779
1.4808089248836 1.08559377118945
2.83771778270602 2.10135718807578
1.40883694216609 -1.36859944090247
0.632195316255093 0.561876121908426
0.70854839682579 -1.09756442904472
-0.410964611917734 1.62894381955266
-1.47719509527087 1.71274911239743
2.90205429494381 2.11124815046787
0.491427924484015 -0.473207525908947
0.203663762658834 -1.01627410948277
1.03008519858122 -0.229288183152676
-0.86081950366497 0.752056058496237
1.00890402123332 -0.518508538603783
-2.56180673837662 2.74234579876065
-2.67634853348136 2.46828306466341
-1.68013860285282 -0.621146336197853
-0.130887035280466 1.75789019465446
0.306059535592794 -0.328869510442019
1.65084889158607 -0.641392052173615
0.320102483034134 -0.89924905821681
-0.270093988627195 -0.233888179063797
-0.981369633227587 0.535734117031097
-0.346970081329346 1.26108323037624
0.592519663274288 -0.854720182716846
0.864643041044474 -0.0281792916357517
0.491316571831703 0.777059812098742
-0.176416601985693 -1.17303401231766
1.74068636074662 1.60887734591961
-1.72400320321321 1.95420570299029
-2.6029611453414 1.63496590033174
1.51438682153821 2.02017668262124
-2.06644033268094 3.03116315603256
-1.49278408661485 -1.05524172261357
-0.120068918913603 1.51912335678935
2.33707900717854 1.45184448733926
-1.28673658892512 0.162239495664835
-1.29710935801268 1.06261954829097
-1.8022559992969 0.676687400788069
1.08232860267162 -0.36556014791131
-2.31966346129775 1.15718001499772
1.30132301524282 -0.403318766504526
0.933643437922001 -0.669547200202942
-0.717190481722355 1.68557705357671
0.394649762660265 1.83185613527894
1.31031240522861 0.219471696764231
-2.83911136165261 1.76100675389171
0.738090716302395 1.0876106582582
1.84630412980914 -0.318281508982182
2.14648308604956 2.8137760348618
-0.385219719260931 -0.926203850656748
2.74459205940366 2.74555595219135
0.318847928196192 -1.10123769938946
0.124752465635538 1.57514137029648
0.513964727520943 0.108052611351013
2.75455565005541 2.87316865846515
-0.494747001677752 1.7152519710362
0.0246609970927238 1.04641994833946
-2.30260112136602 2.6896893940866
0.521555967628956 1.67800269648433
2.55374050885439 1.71598150208592
1.39959026500583 0.228797074407339
-0.768076162785292 0.563157144933939
-1.79035071283579 2.14931818842888
0.59664448350668 -1.13095778226852
1.16772307083011 0.846397086977959
0.748657025396824 1.60440290346742
2.64511671662331 1.77316404134035
2.46607281640172 2.22419805824757
2.21132483333349 2.88537675514817
-1.47409169748425 2.23801703378558
1.15788231790066 -1.16380867362022
-0.107759453356266 1.5865128301084
-1.3966267183423 0.754205998033285
-1.77901076152921 -0.0111257247626781
-1.00491971150041 -1.65641932561994
-1.91565455123782 3.00312316045165
1.78573676943779 1.2447144985199
0.817053362727165 -0.772630419582129
0.101406589150429 0.17356151714921
-1.56571064516902 2.89481155946851
-0.0508464314043522 1.41087060049176
2.05818832665682 1.89975463598967
0.228435210883617 -1.78540819138288
0.709702234715223 1.22400210425258
-0.098765779286623 -1.05936710909009
-0.624290652573109 -1.04239582642913
0.0738734416663647 -0.787976283580065
-0.0204675421118736 0.686671458184719
-0.482022412121296 1.2780628092587
1.75030871108174 -0.24049162492156
2.40651636198163 1.40694168955088
0.280531514436007 -1.03026972338557
-0.365264661610126 -1.61239600926638
-1.40734340250492 -0.505604218691587
1.05970624089241 -0.243407253175974
-2.29021917656064 2.58471408113837
0.49586396664381 -1.0952138826251
2.94563949853182 2.36516418680549
1.91601789742708 2.9946791306138
0.419182080775499 -0.387509196996689
0.424121960997581 1.41747818514705
-0.29699831828475 -1.20045551657677
1.93273736536503 2.71769179403782
1.08773062750697 1.20248526334763
0.811686143279076 -1.4339795820415
1.96421244367957 3.09315095469356
-0.10445960983634 1.18143870308995
-1.97357882931828 2.38315936177969
-0.270324021577835 -1.8698443993926
0.695924542844296 -1.00800805538893
1.75203367695212 0.208953998982906
-1.73825780302286 1.27200906351209
-1.59644018486142 1.64539466053247
0.469690404832363 -0.439945340156555
-1.52499483898282 0.0924165360629559
-0.416180521249771 1.18992061167955
-0.607417281717062 -1.53591456636786
-0.872338596731424 1.60034550726414
-0.367503557354212 1.92052827775478
-2.33492573723197 2.53479589894414
-1.44206641986966 0.606176164001226
0.844073574990034 1.48268568143249
-0.782714821398258 0.429049260914326
2.86519088596106 1.60245176404715
-0.566067799925804 -1.11426109820604
0.389478500932455 -0.202566936612129
-1.59963575005531 2.80626557767391
-1.80796648189425 2.54870617389679
-1.87201188877225 1.68754325434566
1.2874905616045 2.19221689924598
-1.61345683783293 -0.849555399268866
1.48779721185565 -0.813942547887564
-0.395096834748983 -1.60225169733167
-2.6882915571332 1.45532249286771
3.05903921276331 1.77529060840607
-2.48016203194857 1.6748499982059
0.000898268073797226 1.37495582550764
0.32072776183486 -1.03058748319745
1.11866871267557 0.880224790424109
1.63115302100778 2.72545068711042
2.08438343182206 2.94037845730782
1.60938256978989 -0.331996563822031
0.887396976351738 -1.73806924372911
0.820580348372459 1.25393098592758
-0.352051436901093 0.966964244842529
-1.47992063686252 2.73808191344142
-0.889445047825575 -1.64085050672293
2.9531466551125 1.92903369665146
-2.87430757284164 1.67047983407974
1.17581782117486 -0.41495443880558
2.29384177550673 2.89650613814592
2.01185452193022 1.59487442299724
-1.70475266873837 0.485848911106586
1.85242849215865 1.43387272953987
0.969743385910988 -1.69477427005768
-1.45094633474946 2.76782972365618
-0.718243978917599 -1.79622457548976
-2.30820779874921 1.84018442779779
-0.632939916104078 -1.61936881393194
0.856854803860188 1.03063084930182
-1.66366834938526 1.49259291216731
-1.61046501249075 0.455435261130333
-2.23783792555332 2.3959197960794
-1.35540236160159 2.71234036237001
-0.44536716490984 0.135007567703724
2.34553720802069 1.47932347282767
-1.80415758490562 1.55188040435314
0.17687426880002 0.0920906402170658
0.207409478724003 -0.30468250438571
0.499193750321865 0.865500122308731
-1.44361677765846 -0.257894523441792
-0.0202822908759117 1.00567400455475
-1.69749587774277 2.9436127319932
-1.20488508045673 -0.611199911683798
0.538087327033281 1.84239009767771
-0.656507041305304 1.21993323788047
-2.87556443735957 1.93990739062428
-0.0107968524098396 0.775431040674448
-1.09768733754754 -1.12632724642754
1.13742070645094 -1.51441754028201
-0.799468450248241 0.676665049046278
2.72022007405758 1.91478776931763
1.17822756618261 0.653185483068228
0.286954116076231 -1.83271785080433
-2.50998263061047 1.65468230843544
1.73322132602334 2.4937494173646
3.06831464916468 1.89956600964069
2.031096059829 1.79532985016704
1.31638157367706 1.89848532900214
2.13341796398163 1.71269390359521
0.369099903851748 1.56848606094718
0.563011184334755 1.17146003991365
1.35402416065335 2.75560676306486
-0.165496319532394 -1.02897567301989
-1.54408017173409 0.144422169774771
0.324053637683392 1.12616802379489
-1.97205736115575 1.72304897010326
-0.548039298504591 -0.207689553499222
-1.80467283353209 1.43679980561137
-1.25704319402575 1.11050800979137
1.17658085003495 2.32668933644891
1.16351631656289 -0.668694112449884
-2.41306096687913 2.23239494115114
1.35249086096883 1.70416997745633
0.737191662192345 1.75863149762154
-1.88803534954786 -0.562327299267054
0.220008626580238 -1.27566631883383
-0.0118737928569317 1.8001318089664
-1.41676674410701 0.672144871205091
2.30486663803458 2.11653314903378
-0.510258659720421 0.358760416507721
-1.65908876806498 0.728300113230944
-1.43216022476554 0.966141894459724
-1.66334639489651 0.325492851436138
0.178005918860435 0.233203653246164
1.91493098810315 -0.298209607601166
2.80533630028367 1.66830703616142
-0.51524768397212 -1.04580036178231
-1.86982986330986 0.121997963637114
0.635077767074108 0.952671818435192
3.06216411292553 2.25350291281939
-0.498930640518665 1.90525995194912
2.08015120774508 1.95327046513557
0.167425509542227 1.73669136315584
-0.991125982254744 1.26478633657098
1.35204591229558 2.4621352031827
0.836699388921261 -1.39215598627925
1.1713116876781 0.393248241394758
0.779687523841858 -0.809362195432186
0.819722302258015 -0.617758847773075
0.334450222551823 1.46373452246189
0.384664546698332 -0.326931528747082
0.483252219855785 1.15496294945478
1.45696387812495 2.42121950909495
1.07382590323687 -0.503232136368752
-1.55269732698798 0.581089064478874
-0.283540584146976 1.36483531817794
-1.78237100690603 -0.843283545225859
2.5288541354239 2.24344936013222
0.67395231127739 -0.702430509030819
-1.38952017948031 1.26526402682066
-2.59040372818708 2.7024002969265
-1.40929518267512 2.04740250110626
0.340897314250469 -0.881261471658945
-1.22934236750007 0.830414455384016
-1.42424472421408 -1.32897686585784
1.52338362112641 -1.08098179474473
1.9650658890605 0.17925688251853
0.355971243232489 0.306785069406033
-2.48026977106929 3.03705479949713
2.31094010546803 2.10958952084184
-1.15375581383705 1.15951956063509
2.35534677654505 1.28487335518003
-1.6260027140379 0.0325823612511158
-1.97627544775605 2.68569896370173
-1.22569186985493 2.3227676525712
-0.088095735758543 -0.393057972192764
-1.26623483374715 1.74999415129423
-1.13313993439078 -1.12240186706185
0.715339757502079 -0.0371180362999439
1.5242072455585 -0.30535476654768
-0.346928473562002 -0.339496161788702
-0.825965501368046 0.502434130758047
-1.50618534907699 -1.00097687169909
1.6536548435688 0.503957506269217
-1.77718831971288 2.6539568118751
1.5091428719461 0.97810785099864
-1.03463511168957 -0.837019700556993
1.48740569502115 -0.47706001624465
0.625908847898245 -0.357767809182405
-2.96858343854547 2.6337081193924
-0.254214022308588 1.00655874237418
-0.11514400690794 -1.09671538323164
-2.69474193453789 2.68772812187672
2.32499005272985 1.79917434602976
1.65346385166049 0.447468217462301
-0.853620927780867 -0.307477165013552
2.476383253932 1.6811652071774
-0.209390107542276 0.20701714232564
-1.61876161769032 0.602349497377872
0.755857940763235 -0.977455344051123
1.02237448468804 -0.0668136700987816
-1.37315029278398 -1.42056497558951
-0.316766258329153 -1.4109643548727
-0.28344776108861 0.286546148359776
2.04991743341088 2.78461078926921
1.17970423400402 1.02446486800909
-1.4545874632895 1.48410661146045
1.09921010583639 -0.220814011991024
1.0044909119606 0.641695827245712
1.17772923409939 -1.30826535075903
0.32038027048111 -1.9372544400394
-1.80531859397888 -0.483178868889809
-1.48654782772064 -0.499354537576437
-0.835624828934669 1.62204300239682
0.970966391265392 0.592260882258415
-1.43669231235981 1.03398092091084
-0.609229031950235 -0.216988895088434
-0.0608040951192379 -1.91791442781687
2.10137009620667 2.08583101630211
0.431534621864557 0.473814766854048
-1.08643743768334 0.498219761997461
0.720315393060446 -1.49139543995261
-1.18089728429914 0.420897040516138
-1.78479463607073 2.48945171386003
0.987393900752068 0.543624237179756
-0.40637193992734 0.138972189277411
-1.00010362267494 -1.66790259629488
0.764740787446499 0.906059581786394
0.832018680870533 0.141648799180984
-2.14394354447722 1.87578448653221
0.538118705153465 0.0455410182476044
1.40456353127956 -0.955214913934469
2.72421126440167 2.89796429127455
1.60831999778748 0.60776899382472
-0.567474916577339 1.8966185040772
-1.7862149849534 1.3622285798192
0.01485525816679 0.262126628309488
1.22281500697136 -0.893718272447586
-1.27772169560194 -0.131211146712303
-2.12337825074792 1.95415807142854
0.0652860477566719 0.866054203361273
0.234085272997618 0.921710755676031
-2.96660550683737 2.07164747640491
1.29848491027951 0.175768032670021
-0.203717440366745 -1.05267710238695
1.27629501000047 1.61260942369699
-2.0225519053638 1.69344210252166
0.690358363091946 1.3840251378715
1.61658955365419 -0.295989934355021
1.06350177526474 0.079475037753582
-0.498288128525019 -0.124895751476288
1.19861969724298 0.0804224126040936
-1.732107270509 -0.247326757758856
2.23085020110011 2.29916248843074
-0.261815074831247 -0.510419875383377
-1.62821711227298 1.74847565591335
0.738684695214033 -1.67964955046773
0.139032509177923 1.01352610439062
2.77818278223276 1.51468404754996
2.77469151467085 2.19077464938164
-0.992987658828497 0.62768030539155
-1.32562844827771 2.61875468492508
-0.810974851250648 -1.6407957598567
-0.679049398750067 -1.069072175771
1.17744597420096 2.30630715563893
1.29894104972482 0.0657360479235649
0.190537083894014 1.59113602340221
-0.35341240093112 -0.489708464592695
-0.8971310518682 -1.74164360389113
-1.86969010904431 2.84459784254432
-0.2906006090343 -1.41514623910189
1.72409099340439 -0.92245215177536
1.6559843942523 0.621931195259094
0.162420567125082 -1.30035532638431
0.343473367393017 -0.728454656898975
-0.385674107819796 0.722376719117165
1.66034690290689 2.59064166992903
-1.64119729399681 -1.11374900117517
-0.632259607315063 -1.82345810905099
0.204685095697641 -0.975562568753958
0.357335098087788 0.886231273412704
2.33298399671912 2.43436325341463
0.632198002189398 1.75168246403337
-1.45452146977186 0.509795229882002
-0.568605303764343 1.42222983390093
0.492952242493629 0.161859884858131
-1.04902429506183 0.587685666978359
1.77401826530695 1.77395340427756
-2.02805303782225 1.17881002649665
0.0438071563839912 -1.32151377946138
1.03823490813375 1.2142487205565
0.791843712329865 1.35496953129768
-2.90638756752014 2.71565794572234
2.26844865828753 1.7799738496542
-2.46281192451715 2.7818367742002
0.470399022102356 -1.79763730615377
1.49736953526735 1.1373858563602
-0.835095871239901 1.48363152891397
0.904847156256437 -1.56074669584632
-1.7262434437871 -0.729939799755812
0.702015303075314 1.29031149297953
2.76651115342975 2.43599171936512
-0.253536708652973 -1.42897653579712
-2.96595407649875 1.68820758536458
0.0897771567106247 -0.550857715308666
1.59159740805626 1.7699676528573
1.22195576876402 1.2506163045764
-0.555408794432878 1.35376004502177
0.557643886655569 -0.393552158027887
0.810667265206575 -0.799284901469946
2.43451086431742 1.6410078369081
-0.305630769580603 0.51443250104785
-0.0715975426137447 -0.872263241559267
1.50876763835549 0.338114608079195
2.13179827481508 1.40772045403719
1.71848312392831 2.87802902236581
2.3350430727005 2.318259075284
2.87912165373564 2.09312242269516
-2.02003874257207 2.02831118553877
1.68541452288628 2.70177501812577
-1.42774397134781 0.909153874963522
0.480983205139637 0.178759571164846
0.35492393001914 0.29708044975996
0.389633767306805 1.45778606832027
-1.84776340052485 0.311314888298512
-0.378700952976942 1.0027791261673
0.787208799272776 0.154011934995651
-0.182430170476437 -0.241959769278765
-0.863505057990551 -0.163636982440948
1.38900658115745 2.19705105572939
-0.578495185822248 -1.37250791862607
1.59780598431826 0.2407116740942
0.107899449765682 -1.59438567608595
2.22637872770429 2.76740372180939
-0.115210078656673 0.782217103987932
0.529289990663528 -0.659086026251316
-1.65589983388782 1.04908949136734
-1.84103224799037 1.84495711699128
-0.87951223179698 1.64820832759142
-1.9921346232295 2.61815527826548
-1.5457588173449 2.29374058172107
-1.11558168008924 -0.736009322106838
0.194805413484573 -1.30603097751737
3.04874106496572 2.00447110086679
1.37793120369315 2.78802865371108
-0.657791905105114 1.55367115885019
-1.31928047910333 -0.494969680905342
0.97261868044734 -0.43694906309247
2.96070028096437 2.36580411344767
2.18713850528002 2.81906840577722
2.78343782573938 2.8552372828126
-1.87254731357098 1.37179123610258
0.730004590004683 -1.39272119104862
0.148982152342796 -1.18238902837038
1.02996577695012 -1.66338873654604
2.55223523825407 1.7737450376153
0.420297805219889 1.56276354566216
0.241638422012329 1.12102441862226
-1.59859742224216 1.110067255795
2.89156416431069 2.07326828688383
-0.319946933537722 0.514159079641104
-1.10469350218773 -1.66190053522587
-1.23811454325914 2.51710657775402
0.161316093057394 0.292138252407312
1.68872397765517 0.969621483236551
0.20421451702714 0.134232338517904
0.747652277350426 1.27557749673724
0.219074737280607 0.736073601990938
0.273468904197216 -1.3863767683506
-0.762468207627535 1.08107466250658
2.63877119868994 2.4265566803515
-0.453310009092093 -1.4382049292326
-0.704067580401897 -0.592504635453224
1.82165637239814 2.55171451717615
0.1203373670578 0.742517024278641
1.53072685003281 1.19876761734486
-1.1099646948278 0.220150601118803
-1.64692264422774 0.856878567487001
-1.51494741812348 -0.188445799052715
-1.94350578635931 2.54334583133459
0.249429557472467 -0.136399671435356
1.35898024961352 -0.799654349684715
2.48063834756613 2.05990701913834
1.45981500297785 -1.24407517910004
1.3564036488533 -0.690754123032093
-0.0979566015303135 -1.67292822897434
-1.42951598018408 0.202860068529844
-0.803722370415926 1.16022763028741
1.64686300978065 2.49946115538478
-0.906841307878494 -1.40161000564694
-0.783886551856995 -1.13494785130024
-1.2156159542501 1.9136004820466
-0.775455210357904 0.575049635022879
-0.119071964174509 1.03268708661199
0.402128785848618 -0.0105216018855572
-0.569431554526091 -0.343371417373419
0.837101321667433 1.41050202026963
-1.05910272523761 -0.938385713845491
1.16766220331192 0.71018984541297
-1.70266868919134 -0.452166065573692
1.96824826300144 2.498310521245
1.41507103294134 1.08397770673037
1.43364713340998 0.676687255501747
-1.55691408365965 0.335030388087034
-1.24528344348073 -1.23618078604341
0.880964353680611 1.43548613041639
1.87485929206014 -0.280948285013437
2.07080653682351 1.3062495701015
-0.950196925550699 1.28629299253225
-2.60003590211272 1.4139344021678
-0.436842635273933 1.16489408537745
-1.02785618975759 -1.2271311506629
0.358519706875086 0.907153941690922
0.871017131954432 -1.46976679936051
1.29559679329395 0.347517911344767
-1.69363280013204 0.348181519657373
-2.46863904967904 2.9814135581255
0.522832043468952 -1.68729079142213
0.35734760761261 1.18899406120181
-0.0540969148278236 0.0622234828770161
-0.514081917703152 -1.7812995351851
-2.25635185092688 2.6494648270309
2.37907049432397 1.41510739549994
-1.14153359830379 -0.167478501796722
-0.138152912259102 -0.537543829530478
-2.31039807200432 1.78083935752511
-0.588840387761593 1.89554911851883
1.31214187666774 0.528200682252645
0.747987400740385 -1.00151317194104
2.14371782168746 1.60974047705531
2.50149004906416 1.1964151263237
0.319346282631159 -0.8816177546978
2.94339985400438 1.70953772589564
-0.590829126536846 -0.890979509800673
1.69059924781322 0.151411760598421
2.86905340850353 1.51704942435026
-0.804443798959255 -1.08217611908913
-1.44242733344436 0.0849937275052071
0.727654132992029 0.61970216780901
1.4537671841681 0.656874418258667
1.38140588998795 -0.643251623958349
0.888927590101957 0.679179824888706
1.1005579456687 1.11595402657986
1.39772229641676 2.19999975711107
-1.23475836217403 -0.210012562572956
-2.54449866712093 2.95709807798266
-1.83208545297384 -0.563121240586042
1.39806261286139 -0.619596667587757
2.09227836504579 2.65018436685205
0.0999260768294334 -0.59804655611515
-0.8924943767488 1.64481805637479
-2.29251194372773 1.49574990570545
-1.08536253124475 -1.31649704650044
2.68201447278261 2.09615159407258
1.61219816654921 1.88713120669127
-1.59312538430095 1.95796924084425
-1.35016542300582 2.49302526563406
0.908123236149549 -1.63334275782108
1.31583774462342 1.79382782056928
-0.104419350624084 -0.420836802572012
1.90878460928798 -0.50888779014349
1.25529026985168 -1.28927667066455
-0.411800902336836 0.330442626029253
2.12783904746175 2.54786554723978
-1.4849942997098 1.36148824542761
-2.86067152023315 2.40052196756005
0.0390869677066803 -0.211091306060553
-1.28910952806473 0.0852448865771294
-1.92992031574249 2.36349005997181
-0.597918186336756 -0.0984844826161861
2.56200597807765 2.56419738009572
-0.759228549897671 -0.931149907410145
3.01619471982121 2.54129777476192
1.18833294138312 0.743425089865923
1.09288662299514 0.574439845979214
-0.914321891963482 -1.02649486064911
0.258034016937017 -0.896438762545586
1.1956933028996 1.79365210980177
-0.857862435281277 1.26219054311514
2.21667335927486 1.14159701392055
-1.77151914685965 1.19071354717016
-0.997238285839558 1.6366555839777
0.611207976937294 -1.419816583395
1.56630300357938 1.19146977737546
-0.386675748974085 1.51783820614219
1.23246274888515 0.186746168881655
1.19915665686131 1.57685563713312
-2.00897973775864 1.56210313737392
-0.667218819260597 1.86759324744344
0.663800220936537 1.59826907888055
1.44478356465697 0.278195291757584
-1.79078441485763 2.49762082099915
1.75349965319037 0.551767267286777
0.457485910505056 -0.381637945771217
0.480396207422018 -1.3371014110744
1.28904927149415 2.3433330245316
-0.530730620026588 1.90021484717727
2.05899635702372 3.08149062469602
-1.19822248443961 0.685913726687431
2.63359813392162 2.54299598187208
-1.40325433015823 -1.14813392609358
-0.102648388594389 -1.22797359898686
1.23293086886406 -0.898904908448458
2.10938535258174 2.1498189009726
-0.157846141606569 -0.106915045529604
1.94240725785494 1.54001071676612
-1.28016152605414 2.3991386666894
1.95578088983893 1.5628791898489
-0.804182909429073 0.965749152004719
-1.40233958140016 1.98470802232623
0.322481859475374 0.938509102910757
-2.1313845589757 1.50878574699163
-1.46845189109445 1.0496310852468
0.388410396873951 1.06697056815028
1.00925179943442 -0.240484748035669
2.29790089279413 1.33102267980576
-1.38271920382977 2.35725431889296
1.83917405828834 2.24990839138627
0.272416073828936 0.0695578791201115
-1.69181786477566 0.602379981428385
-0.68549495562911 -1.7878875695169
-0.0452668890357018 -1.37818193435669
1.18859850987792 0.832526229321957
1.27521338686347 1.51736699044704
-1.51702612265944 -0.781731408089399
-2.34066718816757 2.78768334165215
-1.50735330954194 1.26727230101824
0.0734679289162159 -0.61397472769022
-1.65681694075465 1.54764981940389
-1.64200506731868 0.991976510733366
2.59064711257815 2.41899671778083
0.363238375633955 0.265284892171621
1.49511174485087 1.04376916214824
1.3511278219521 -0.577265799045563
0.840300291776657 1.01241001486778
0.27820673212409 -0.050274420529604
2.8992663398385 2.28129065036774
-0.184972703456879 -0.689616575837135
1.32386764883995 1.60575896129012
1.41332386061549 -1.24682857096195
-1.19093994796276 1.08392741158605
-2.06730533763766 1.92158367484808
1.22167820483446 -1.08634953945875
0.477495428174734 -0.181319169700146
-1.06946914643049 0.150592628866434
-0.96815587207675 -1.57592154294252
0.231342826038599 0.945548612624407
-1.29762120917439 -0.877447545528412
2.23817097395658 1.30605347454548
-0.542876642197371 -1.49662964791059
-2.80585690960288 1.50938623026013
-0.00501035526394844 -0.822518531233072
2.69178491830826 1.40641440451145
1.75698649510741 2.87009060382843
-0.889552980661392 -1.31508461385965
0.159171786159277 0.986757956445217
1.13871983811259 -0.478394396603107
-1.23649248108268 -1.53806557133794
1.46947542950511 2.72503526136279
1.05527899041772 -0.916527196764946
1.11588341742754 0.552356764674187
1.31027121096849 2.67601510509849
-0.378628116101027 1.87678471952677
-0.147002525627613 1.34022929891944
-0.488438427448273 -1.74348048865795
0.0806722156703472 1.54182996228337
0.0477796085178852 -0.470287684351206
0.0124959647655487 0.831621740013361
-2.87532363086939 1.73811047151685
1.54437110200524 -0.417113106697798
2.96950398758054 1.72637327760458
2.38791816681623 2.53181814774871
0.00861653313040733 -0.78162132576108
-1.34678805246949 -0.636914387345314
0.263271305710077 0.426898673176765
-0.635916091501713 1.10861907154322
0.592622097581625 -0.323756273835897
1.84756573289633 -0.723325315862894
-1.23316780105233 -1.06875061616302
0.944679744541645 0.034786444157362
0.594529502093792 0.798048999160528
-0.416466806083918 -1.35213724523783
-0.367884989827871 0.0178221613168716
0.140365146100521 -1.06894083693624
2.91521073877811 2.60438119620085
-0.0247107967734337 -0.545663092285395
-0.569798745214939 -1.80870348960161
-1.87778161093593 1.151835154742
-0.584411416202784 -1.24703739210963
-0.941584404557943 0.310993459075689
-1.10819564014673 -1.00172956287861
-0.785479504615068 -1.42715225368738
0.864178508520126 -0.412647888064384
-2.62307950109243 2.8450574092567
-2.54597215726972 1.70611470937729
-1.61645360291004 1.54222199693322
-1.73499301820993 2.02661975100636
-1.67501033097506 1.08056876808405
2.01502299308777 2.96711632236838
-1.55872393026948 1.78109286352992
-1.58032050356269 -0.961796335875988
2.32740618661046 2.80656833201647
0.259524527937174 0.243856109678745
1.26303323358297 1.88648433610797
1.70093459263444 -0.0176205635070801
-0.550546538084745 -0.501466482877731
1.82821552827954 1.38401583954692
-1.42777997627854 -0.840861823409796
-2.98008716106415 2.49144737794995
-1.04795367270708 -0.62900685146451
1.64789858832955 0.243548549711704
0.365773510187864 1.42114341259003
-1.53115238249302 1.80113609880209
1.96367981284857 1.65304894000292
0.135404475033283 -0.818421978503466
-2.4555073492229 1.76514258980751
2.81373668089509 1.92031740397215
-1.07985508441925 -0.665534973144531
0.413979679346085 -1.25823013111949
-2.51185764744878 2.10463953390718
1.31541643664241 0.852786619216204
0.245696354657412 -0.840290185064077
-2.78944303840399 2.48191903531551
-2.7917305752635 2.32753663882613
1.69860935583711 2.57245681062341
-0.277595594525337 0.522420823574066
1.01771441102028 1.54335965961218
1.66351294517517 0.755796190351248
-1.08522280678153 -0.901538167148829
-0.706514600664377 0.419938020408154
1.34653740376234 0.768467277288437
-1.47506818920374 2.06136336922646
1.10292247310281 -0.0786857232451439
-1.01848362386227 1.58835261315107
0.676852494478226 0.507214803248644
0.828588638454676 0.39021123573184
-0.63473255187273 1.79190390557051
0.496786519885063 -0.366712566465139
1.76011429727077 -0.747719515115023
-0.826069008558989 0.553475603461266
-0.245623558759689 -1.89319657161832
-0.0946445167064667 1.15652375668287
-0.523948960006237 -0.290612414479256
0.724722631275654 -0.306611530482769
1.32311130687594 -1.27364262938499
0.414432868361473 -1.55515192076564
1.16667252779007 0.479649670422077
-0.96588483825326 1.58720595389605
2.7477270513773 1.56034479662776
0.865346699953079 1.56325213238597
0.100398637354374 1.59716061130166
1.87558659166098 2.90616676211357
-1.24339208006859 1.8798411488533
-1.0523493103683 1.64514781162143
-0.871434591710567 0.934948556125164
-1.43922501429915 -0.98514312133193
-0.411137226969004 0.698859199881554
1.24529988691211 0.800064671784639
0.968109175562859 0.331510562449694
1.10728270560503 -1.59055308997631
0.966119695454836 -0.997091103345156
2.96599236130714 2.12505769729614
-1.16994281858206 -0.0802826099097729
1.97259936109185 1.37022545933723
-1.6262926645577 -0.0676192492246628
0.222372099757195 0.231515895575285
-0.824176732450724 -0.342784121632576
2.74689634889364 2.51424744725227
-2.64343740046024 1.86729245632887
-0.228912934660912 -0.61930863186717
0.781045857816935 1.33550420403481
1.30261111631989 -0.428672362118959
0.43181286752224 -1.71815226599574
0.195019368082285 1.13589682802558
1.52937094122171 0.177955232560635
2.60412826761603 2.63601333647966
0.252897296100855 -0.634672969579697
-2.73807687312365 2.20900904387236
2.40117541328073 2.36467663198709
-1.56971307098866 0.901504173874855
0.635203249752522 0.435788135975599
0.0916042141616344 1.59645849838853
0.455869529396296 1.85205760225654
1.88243326544762 1.6687823086977
1.63121798262 1.94231121242046
1.16983027011156 -1.19067249819636
0.229795761406422 1.4177628159523
-0.509114023298025 -1.05651588365436
-2.92184316366911 1.94655664637685
-0.904741771519184 1.22534213587642
-1.92553635686636 2.45177001133561
-0.710608810186386 1.59915748611093
1.73622857779264 1.27641585469246
0.909243918955326 0.85938373580575
-1.75715283676982 0.446841701865196
-0.82881285622716 -1.00514743104577
0.4686264321208 0.595748111605644
1.2257314696908 1.69299757108092
-2.82479526102543 2.02386583015323
-1.61940814554691 2.60336283966899
-1.76238374784589 -0.102228179574013
-1.92140237241983 2.64787947013974
-1.29770766943693 -0.0592247918248177
0.111929580569267 0.914615068584681
-0.11337336525321 -0.85903088003397
1.11146458238363 0.590671595185995
-1.30404612421989 -0.908109124749899
0.13502087816596 0.914242461323738
0.075210589915514 1.86626599729061
2.11353535950184 1.76515677943826
-2.22366499900818 1.85675654932857
-2.77903898060322 2.27993717417121
-0.54247759282589 -1.29642178118229
-0.0866986401379108 -1.72658524289727
1.48980990052223 2.85120592266321
-1.8834287635982 0.202556665986776
-0.492596261203289 -1.87120352312922
0.715403620153666 -0.772319003939629
-0.402497015893459 0.0464501678943634
1.79135082662106 1.33463547751307
0.247320305556059 0.986056726425886
-1.29591925814748 1.91158468648791
-1.28063122928143 0.907144777476788
-2.35900935903192 2.69517214596272
-1.52179917693138 2.08128736540675
1.45284185558558 -0.135252747684717
0.566594570875168 1.89065402001143
-0.429050851613283 1.7892958112061
1.5456709228456 2.24933113157749
1.66653843224049 0.851497456431389
-1.25437778234482 1.50618856027722
-3.02254215627909 1.79592932388186
-0.658361934125423 -1.54370202496648
0.313990350812674 1.53322871401906
-0.138647671788931 -1.87667819112539
-0.742904961109161 1.08259514719248
0.342270243912935 -1.13156070560217
-2.84068934619427 1.49592642486095
-2.32538361847401 1.75636747479439
1.03421656414866 -0.225286021828651
-0.634366847574711 -1.46591661125422
-2.92705102264881 1.81693284958601
-1.77412871271372 2.84105265885592
1.39995944872499 0.427758369594812
0.200886759907007 0.181033108383417
1.44916553422809 1.57167691737413
-0.493845414370298 1.18822721019387
-0.9913842 -0.0628089
1.931562 2.342623
-2.423201 2.738399
-2.410118 1.468574
0.1807794 -1.103126
0.03023826 -0.1736614
-1.120808 0.9953108
0.9659313 0.5406892
1.404038 2.335174
1.59809 -0.0555221
-0.4115739 -1.402377
0.5342536 -0.6891719
-1.573719 1.548626
-2.27655 2.579663
0.1416735 -0.2940524
1.810798 1.419005
2.638878 2.55122
-1.922065 2.507669
-2.402738 1.424113
-1.856832 1.321708
-2.981803 1.631372
0.5570495 -1.707641
-2.555763 1.589009
-2.987908 2.144992
-0.1869139 0.6543819
0.4357603 -1.527974
-0.03564459 -0.1255931
-0.6190075 1.879667
-0.2079769 1.598331
0.5524321 -0.799773
0.9140654 1.775696
-2.598847 2.144252
2.598988 2.391637
-2.273439 1.431432
-0.7265427 1.52149
-1.894711 2.211918
-0.4548744 1.16617
1.504357 1.389257
-1.652121 1.923836
-1.772329 1.95084
-0.230425 -1.959096
1.768712 0.07478175
0.4767332 -0.4915908
-2.423543 1.203293
1.555244 -0.0446224
0.6085291 0.556691
0.2250569 -0.9891983
2.803268 2.060394
-0.1780823 1.36215
-0.5529248 0.5492312
-2.68119 1.325752
1.997097 2.377807
-2.472003 2.011046
1.40873 0.6123542
-2.631134 2.954203
1.929054 2.458897
1.6038 -0.06588335
1.805257 1.20786
-1.61921 1.624323
-2.699395 2.09836
-2.812565 2.089851
-0.3590729 0.6691646
1.283435 2.319602
0.05362679 -0.205517
-1.546029 2.514327
-0.4392249 -0.0299466
-1.8484 2.575468
1.138581 -0.9278086
-0.7018338 -0.3154697
1.581233 -0.4803475
2.726761 1.983423
1.648711 -0.291711
0.9816763 1.692123
1.617258 0.7705644
-1.3526 1.447425
2.351635 1.893868
-0.9163915 1.32769
1.695167 0.9902612
-0.2208055 1.973143
2.610619 2.370311
1.310359 2.012712
-1.287549 -1.217488
0.08206104 0.2267651
-1.566715 -0.00787881
0.01578236 -0.2438179
0.8272105 -1.157638
-1.014506 -1.219147
-0.8076907 -0.6305608
1.018779 -0.8805244
0.8147783 -0.09978998
1.833551 1.885322
1.536006 1.245936
1.760754 -0.7905128
-1.821278 2.19201
-0.7434135 -1.062747
-0.732241 -0.3641736
1.374322 -0.2804499
0.9005839 -0.8002779
-0.8899353 -0.2865575
-1.9975 1.744443
-1.448653 2.722378
1.349297 0.8659318
-0.636788 -0.8667425
-0.2293295 -0.6434214
0.1781693 -0.8315837
0.7740463 -0.4630439
0.01344536 -0.9096294
1.565858 -0.1758401
-1.605127 0.8110956
1.288301 -1.326572
-0.7952778 0.06581114
-0.8201568 -0.9727679
-2.517793 1.764923
0.6745062 -1.873317
-1.131494 0.9478731
-0.1890891 0.5888138
-1.536995 -1.13099
-0.6064555 -0.2500182
1.009738 -0.1325242
0.3083259 1.501109
-0.5973364 -0.1358664
-1.430967 0.3316907
-1.645862 1.301399
0.1251305 -1.709173
1.075084 0.6017114
1.371547 0.8864604
0.02125621 1.827881
0.8302354 -0.3133383
-1.130281 0.3826634
-2.148241 1.524467
-2.674945 1.986037
-2.815589 2.807016
-1.684322 1.74211
0.1954897 1.697114
-0.5869466 1.129864
2.733361 2.78588
-0.5730683 -0.5704104
-0.2323006 -1.59542
-0.1445116 0.9821906
0.9005325 -0.264017
-0.2905517 -0.7995277
1.68376 2.824607
0.1013024 0.4967866
-0.2653428 0.6880354
-1.22785 -0.890531
-1.135398 0.5835023
-1.132762 -0.05230658
-1.550252 -0.6636481
0.4933545 0.1509301
-0.527213 -0.4243811
0.2861063 -1.098724
-1.419397 2.341429
-1.273209 2.014617
-1.157005 1.435526
1.461109 1.22777
0.1325007 0.3772683
1.998714 2.357697
2.364554 3.061581
1.826694 0.7151962
2.161455 1.21503
1.847087 2.118561
2.608337 2.531524
2.827424 1.688403
-2.901727 1.60874
-2.918007 2.371444
1.389907 1.033413
0.947616 0.3050313
-1.297491 -0.06796537
-0.1861333 0.7691238
-2.906496 1.65048
0.6898035 0.4689889
1.340342 -0.1427913
-3.062454 2.394739
-0.7670071 1.743312
0.8958863 -0.2492761
-0.9904595 0.5699926
0.1021756 -1.278355
-1.182201 1.30985
-2.521159 3.036437
0.7811975 -0.5766938
-0.9104387 -0.8036607
-1.41801 2.751049
1.370592 -0.0516252
0.9757614 0.8423392
-0.6091192 0.1105164
-1.263412 -1.37889
1.270611 0.3839464
0.1803609 -1.303033
1.227485 -0.2940523
1.847794 2.471597
0.2903216 0.01489294
0.6671995 -1.039166
-0.3179747 -0.6571449
0.4269179 0.3156937
1.655815 -0.8979645
-0.9177191 0.3014976
2.765921 1.762096
-1.934205 0.4159035
1.690392 0.7796474
1.295423 -0.1230893
-1.301325 1.389062
1.595381 1.909401
1.409009 -0.3023104
-1.869366 0.5220884
-1.50841 2.500025
-1.238299 1.19603
-2.362085 3.085655
0.920562 -0.4146986
-2.895647 2.606922
-0.09181526 -1.892122
-2.062913 1.614858
-2.357476 1.767811
-0.8605765 -0.1674693
-1.341721 1.344591
0.1894153 0.8923759
-0.1273087 0.2884474
-0.5952651 1.298562
-0.8417798 -0.1548361
-0.3086351 0.1774564
0.1495071 -0.6718149
-2.269038 2.445297
-2.255513 1.841104
-0.5602572 1.447182
1.566373 2.31284
2.102748 2.265286
1.650937 -0.973124
0.101011 1.038908
-1.248918 0.2089605
0.5899177 -1.837002
-0.7875706 -0.7667728
-1.369772 1.622434
-1.672903 0.6242563
2.386342 2.800271
-0.4640264 -1.897317
-1.908427 0.4938623
-0.1266746 1.389157
0.07094803 -1.803185
-1.933536 0.4479648
-1.880846 -0.1293689
-0.9641006 0.8719405
-1.819243 0.5690834
-2.68078 1.568712
-0.2584272 0.3601099
-0.6449413 0.8067898
-1.803237 2.747305
2.32887 2.174903
0.7944241 1.58283
0.4774145 -1.650795
-0.26975 -0.2598741
-0.773295 -0.1055049
-2.130184 2.352048
1.621941 -0.2636999
0.5519678 0.8301389
-2.936082 2.000033
2.408512 2.026089
-1.737044 0.6143422
-0.01275158 1.335754
0.1549024 -0.49848
-0.6714383 1.386723
-0.8822432 -0.6370859
-0.5537259 -0.265667
1.617558 2.140707
-1.538085 2.700851
-0.1963864 1.196029
0.4963684 1.161272
0.5987951 -1.266145
0.1719834 1.354938
-2.464446 2.319307
-1.115559 -0.3175999
1.169217 -0.763811
-2.689558 1.851977
1.166983 1.51859
1.134657 -0.01875117
-0.4903306 1.169694
3.096684 2.327374
-1.597985 1.860612
1.878506 0.5179898
2.139015 2.889136
1.135867 -0.4382273
1.684453 2.399162
-3.000947 2.055576
1.112353 -1.42031
0.9675907 -0.2687963
0.8310508 0.07599121
-0.4231239 1.77615
-2.661655 2.057821
-0.9144233 0.1417598
-0.1300011 1.406345
-1.418079 1.278473
-0.1631067 -0.7150639
1.511194 0.1404217
1.768198 0.05757537
-0.1669896 -0.8334789
2.933703 2.290894
1.417089 1.746994
-1.176784 2.210072
0.291599 1.636396
-2.618508 1.457065
1.908506 0.3242779
0.9223976 1.60448
-2.608654 1.66104
-0.6859289 -1.58772
-2.528005 2.794983
-1.673761 2.358181
0.9983215 -0.4986723
1.388595 -1.215548
-0.8831337 -1.46635
-0.4249247 -1.301489
0.1270125 1.444303
0.5513767 1.439936
1.828416 1.77144
-0.6442819 1.843274
-2.813019 1.447873
-0.3323724 1.9643
-2.748517 1.984588
1.751397 -0.3496078
1.783113 1.721659
1.56104 -1.082174
2.880138 2.545144
0.8305259 0.4923533
0.1094108 0.5648142
-1.556728 0.5340967
-1.518593 2.535521
1.702321 -0.3927911
1.840875 2.958839
-1.179283 1.055905
-2.046177 1.21671
-1.937265 1.522108
1.422108 -0.2723302
-1.560884 2.435929
-0.6055995 1.869022
-2.578362 2.045117
-1.257975 2.004703
-1.594257 1.916633
-0.5225921 -1.456631
-1.132471 -0.1618306
-1.798922 0.1518815
1.117795 -1.600746
2.015009 2.281579
-0.1887121 -1.229041
-2.097646 2.570711
-0.9229344 1.520068
2.721435 2.721946
1.799737 0.2950509
1.855608 -0.7056145
0.5271473 1.442581
0.1821679 -1.965243
1.895401 -0.5447438
-0.2106134 1.059088
-1.793865 2.809169
-0.1405487 -1.225166
-1.50617 1.312882
0.5134149 1.237099
-1.903843 2.27075
1.64588 2.055652
2.207637 2.972823
2.350265 1.373501
0.4058666 -0.2252712
1.066466 0.3473368
0.2856549 0.3454907
1.680281 1.659426
-2.751157 2.830656
0.1094976 1.624282
2.41284 3.000562
-2.148131 1.701272
-0.285415 1.902756
0.9617772 -0.0003665239
-1.191162 1.236896
1.994384 2.095672
1.626844 -0.6403093
-0.5885219 1.755111
-0.2252653 1.862937
-1.09759 1.224364
-0.05194576 1.540875
-1.858969 1.818532
1.658474 1.686175
-0.0681699 1.348024
0.396977 -1.88109
-1.530439 2.714015
1.919521 0.002070747
1.361133 0.5449878
2.742775 1.903886
1.968436 0.1466436
-0.2493256 1.877955
0.1509395 -0.5674936
-1.823921 -0.6574283
-1.571105 1.039356
-1.422816 1.856812
0.7488004 0.9891722
1.623153 2.924983
-0.7494059 0.6385736
-0.03609568 1.402596
-1.13212 -0.2399399
-1.348773 -0.3174232
-0.6809029 0.5650122
-1.341608 -0.6712274
1.290705 1.060829
-1.790908 -0.7043244
-0.5451974 -1.652355
2.051426 1.874698
1.59364 -0.3510437
-1.543456 -0.4827619
1.868294 1.674743
-1.653763 -0.5265365
-3.102862 1.956839
-0.2139102 1.655045
1.543403 1.671735
-0.7575241 1.830064
-0.9999442 0.2243068
2.939002 2.12214
-0.931641 0.8148789
-0.1176874 1.94231
-1.22933 1.207026
1.740207 -0.9673011
-0.242557 1.803412
-1.466742 -0.1936042
1.567198 0.5139295
-2.812691 2.518299
-2.086958 2.737362
1.420817 1.056149
-2.573503 1.504531
-2.024842 3.045892
0.352657 0.6520533
0.5442809 -1.621906
-0.2134418 1.920426
-2.160315 2.653957
1.470199 1.148318
2.179595 2.346668
0.6354115 0.9821269
0.5380577 0.1164287
-0.8103871 -1.50127
-0.7413821 -1.64766
1.535967 -1.129752
1.629183 2.79435
0.06380773 1.174585
-1.586139 -0.3685169
2.453265 1.930315
1.667722 0.07750114
-0.02496333 1.760624
1.705248 2.35895
-1.477855 -0.4894353
-2.840089 2.343435
-0.04049921 -0.7427292
1.730728 -0.1650548
-1.17486 1.869357
-0.8127326 -1.006565
0.6487695 -1.732602
-0.8688301 0.6181584
0.17134 -1.383209
-1.869847 2.77152
1.477526 0.1982874
-1.846166 0.7173024
-0.6295596 0.1428378
1.98273 1.768164
-0.7525383 -1.140082
3.013565 2.361792
0.1311966 -1.649307
-1.743201 2.172664
-0.6220963 1.702778
3.047434 1.884203
-0.1415658 0.4934251
-2.714374 2.445892
1.553138 2.064065
-1.911844 1.591156
-0.9737929 -1.731132
-2.161471 1.742854
1.850996 0.4698036
2.915412 2.640545
0.7592989 1.136183
-0.8678928 1.017687
-2.012383 2.66482
1.973484 2.864035
0.5084428 1.179472
2.363037 1.772386
-0.1653677 -0.2137265
1.272266 0.4461147
-3.040778 1.963294
0.4897697 -0.6026808
-1.87514 1.501398
-1.330396 1.731668
0.2598448 -0.714526
1.072831 -1.109518
2.454928 2.517408
-2.907034 1.954717
2.869249 2.010751
-1.427505 0.2957396
-1.802562 -0.4637718
-1.523343 -0.990902
-2.328404 1.523019
-1.507146 1.309669
1.406915 -0.08284759
-1.463497 -0.9088268
0.8034304 -1.215238
-3.018581 2.476992
-1.197054 -1.499427
0.2441539 1.015298
-0.01016226 -0.6537074
-1.082683 1.147733
-2.504296 2.740226
2.547633 2.453052
-1.79965 1.818878
-0.2310698 -1.861102
-0.282722 -0.01520874
0.1407308 0.6494804
2.706021 2.536533
0.3776546 0.2131459
2.372507 3.042728
-0.1685467 -1.430462
0.647911 0.1152321
-0.6169468 -0.8666087
1.774318 -0.5837471
-1.45942 -0.9039036
-1.271164 1.891975
2.703629 2.088881
-1.183599 0.8285068
-0.9182702 0.6506977
-1.022014 0.8676694
0.7890165 -1.131463
-2.049401 3.033272
2.29144 2.831698
0.148185 -0.09799102
0.1956664 -0.2153319
1.929575 3.076477
1.699279 1.586431
2.948702 1.803391
-1.376246 -0.5563459
-1.605704 0.5109554
0.4831602 -0.07612986
-1.948167 -0.03905101
-2.132161 2.754616
-1.436177 1.058689
0.03967913 1.835277
-1.751377 1.893443
1.63331 -0.99038
-2.563378 2.876124
0.002843887 1.854561
-0.947318 -0.4072376
0.6639731 -1.577789
2.189285 1.43911
0.9729945 -1.15012
-2.92493 2.118899
-1.499199 1.523987
-1.070413 -1.631848
-1.62191 0.537502
-0.1149485 1.699497
-0.4997866 -0.5538822
2.022155 1.700747
1.547814 0.3037509
-1.297261 1.875958
1.248279 0.2669465
1.57752 1.880295
-1.715367 1.244828
1.188554 0.9932784
1.289124 0.4690603
-1.612011 -0.9343817
2.227921 1.508405
0.7817266 -1.376333
-1.474011 1.903982
-1.173865 1.9945
0.8418016 1.669144
1.50217 0.1735371
1.805462 0.2568175
-0.4274816 -0.7654387
-0.6850685 -1.812289
2.741836 2.17697
-1.005472 -0.5500528
-0.6518204 -0.9262026
-2.279819 1.977452
1.215972 0.8743414
1.620428 1.311048
2.047802 3.038606
-1.704901 -0.5694873
2.318542 1.821054
-0.04310086 -1.437991
0.1447412 -0.5430138
2.537027 1.363863
-2.631543 2.182953
0.8998227 -0.2655089
2.676484 2.834975
0.7374675 0.3952847
0.99045 0.7269592
0.3349572 -1.843094
-0.6390018 1.21773
-2.899901 1.80479
1.060215 0.2131579
-1.462782 2.759428
-0.5397332 0.3633117
2.26051 1.594497
0.01117117 1.801143
-1.3801 1.107422
1.425286 1.781212
-2.577778 2.06027
0.4289002 1.094086
-1.683559 0.754184
0.07128603 0.3320744
-0.6523094 -1.442215
1.045055 0.1194277
-0.9268825 -0.5807229
-2.156674 2.359009
2.38986 1.607909
-0.4258307 1.733144
-0.3048116 -0.7803211
-1.669255 0.2336447
0.3749876 0.7067293
0.9531565 -0.8321058
-1.463973 1.802806
2.370236 1.545039
0.1777953 1.874053
-1.20553 1.009427
-2.858139 2.241906
0.0716977 -0.05274221
-0.08092352 1.584661
-1.594795 -0.5102394
0.275996 -0.1017654
-0.7898487 -1.026026
-1.682345 -1.00866
-2.199191 1.717766
-0.7311672 -0.3349585
-1.59438 0.3263789
2.532037 2.161027
-2.041788 2.472888
0.3093903 -1.80488
0.7099183 -1.44485
-1.288383 0.7905903
1.340882 1.066077
-0.1761815 1.909836
-0.09194772 0.1428224
1.048695 -1.282272
0.4425214 1.848186
-0.1798392 -0.2073433
1.543043 -0.2286526
-0.6372321 -1.54585
-0.6124379 1.076253
-0.1297096 1.754295
0.9270346 -1.061763
-1.226746 2.521226
-1.011536 0.9684499
0.5174026 -0.1223455
2.88354 2.522343
-0.257704 -0.03214293
-0.3663824 0.6782876
0.9295844 -1.024079
-1.804142 -0.4842902
-0.5295895 1.56129
-2.146627 2.865472
-1.896334 1.794063
-1.800226 0.8353572
0.2123468 -1.366346
1.400766 0.6083374
-0.4414894 -0.1080152
-0.7072012 -1.265142
0.9751984 1.427797
1.890629 -0.6502396
1.400448 -0.467271
1.902589 0.5523652
-0.09571293 1.420028
-2.66625 2.75615
1.694665 -0.515226
-1.594601 2.815335
-0.9804768 -0.6093379
2.566581 1.238584
0.2331888 0.1007291
1.770641 -0.186956
1.819862 0.004855659
-0.9703617 -1.249179
-2.184879 1.30031
0.01687928 -1.052755
1.161343 0.3985992
-2.301311 2.122806
0.1152566 -0.8754138
-1.700768 1.783313
-0.9338325 0.1690666
-1.627313 0.361227
-0.4576924 -1.077834
-1.781489 0.5769336
1.831437 -0.5852993
1.835742 0.2616364
-2.438669 1.624866
2.206724 1.310074
1.723674 0.5853514
-0.5836647 -0.9653426
0.8800842 -1.708672
0.9116348 -0.2631481
0.183213 0.7829316
1.37642 0.1788672
0.1016484 -1.752882
-2.383487 2.796713
2.628532 2.306242
1.652452 -0.168896
0.02412309 -1.94743
0.4250627 -1.10148
-0.2707955 -0.6588798
-0.1146002 -1.698032
1.257823 2.034395
1.333706 -0.6867028
1.463677 0.3263623
-0.8455074 1.488714
0.4536476 -1.61773
-2.493664 1.601304
-0.5193267 0.7934816
-0.1685717 0.2785539
1.600924 -0.8583535
1.553254 -1.024071
0.9693662 1.303573
-2.338857 2.230002
-0.2737563 1.148924
-1.812354 2.267367
-0.1819521 1.838913
0.9906901 0.1215983
-0.631141 1.499734
1.730881 -0.09585257
0.2427947 1.105725
-1.800156 1.226543
-1.356379 1.509971
1.175851 1.216441
1.23446 1.893176
0.7875567 1.326514
1.259941 1.024462
0.9577081 -0.2786987
0.7545614 -1.307387
1.577331 -0.3407985
1.565818 2.205221
-2.003953 1.24804
-1.074346 1.556614
-0.1165164 0.3140914
-1.349894 1.233153
2.675248 1.565276
2.099758 1.181768
1.542347 0.2825687
-2.393277 1.564039
0.8523344 1.098129
1.152297 0.8144864
-0.4247635 1.149235
2.697616 2.402452
-0.9445201 -0.4702323
2.263563 2.522259
-0.6143674 -1.419848
-0.3049003 -1.696713
-0.5187729 -0.01675681
-1.241316 -0.4381234
-1.004203 -1.483119
-0.104548 0.4339227
-3.017588 2.373985
-2.883259 2.253069
1.089458 -1.159509
1.731491 0.003750347
0.8525535 1.029204
-1.868149 -0.4044749
0.4664525 -0.1987683
1.161542 0.1717519
-0.8017255 0.1519782
-0.3230675 -1.755753
0.4675044 1.605894
-1.014247 -1.049471
-1.479934 1.953582
1.284587 0.01477759
0.1640576 -0.2745962
-0.1324141 -0.8703521
2.295141 1.145598
3.077817 2.13147
0.3047707 -0.2508183
1.309989 -0.8024717
-1.301287 0.7176472
-1.61403 2.182588
1.471081 1.342128
-1.037119 1.042267
-1.092042 1.394907
-1.930182 1.969889
0.2924695 -0.4500209
-0.04114323 1.046259
-2.619781 1.417236
-0.9903861 1.420281
0.4261089 0.9377122
1.760931 0.8670026
-0.3571646 -1.345924
-0.2848114 1.202669
-1.677655 0.692901
-2.106168 2.041491
-1.091284 -1.561908
2.19828 2.368845
-0.7364118 0.5320054
-2.730083 1.608367
-2.643966 1.38645
0.7809005 0.6442111
1.890993 1.99561
-1.902217 2.252114
0.7230738 1.577433
-1.952069 1.536946
-3.096451 2.294496
0.6311859 -1.409357
0.378497 0.4460209
0.992057 0.4474336
0.3767347 1.262491
-1.389844 0.4866237
-0.9021354 0.3349747
1.252466 2.003107
0.4788612 1.72443
-2.29127 1.372689
-0.8766923 -0.4603539
-0.3367422 1.114687
2.477914 2.323185
1.008869 -1.536459
0.3865241 0.4946487
-1.484858 2.186608
-1.964482 1.855313
0.8728598 -1.213763
2.931709 2.191625
-1.270507 -0.5565671
0.5846552 1.05962
-1.460938 -0.7175028
-1.097777 1.028964
0.5865377 -0.749709
-2.634869 2.428856
-0.8016416 0.1752056
-1.746498 2.239644
0.5229347 -1.843345
0.248323 0.921354
1.778516 0.2241653
-1.275566 1.431731
2.425176 2.097935
0.5680693 1.439706
1.397441 -1.174967
2.029529 2.578933
-0.5307417 0.0726754
1.928167 -0.1268693
1.969173 0.1216254
1.698885 1.729281
-2.959055 1.582909
0.1098936 1.455657
-0.2350039 -1.444489
-1.249486 0.4402897
-0.4359381 -0.6533902
-1.361982 1.671409
-0.5021213 -0.5760077
-1.987309 3.025756
2.514099 1.634512
-2.816569 1.729343
2.078702 1.468837
-0.6795004 -0.5831677
-1.033849 0.0868788
2.662039 1.887806
-3.096133 2.158454
0.2628945 0.5780368
0.2337972 1.620803
-1.284334 -0.09402819
-1.876352 0.130773
-1.748402 1.342788
-1.789703 1.707713
0.6174952 0.2406997
-0.5645964 0.1973905
1.80537 2.347681
-0.7635852 -1.076828
-0.7761593 -0.9236991
-2.350419 1.49502
-2.386948 2.17959
1.558273 0.5856451
1.893904 1.883128
1.490242 0.3332927
-0.2739948 -0.5583082
1.81225 -0.03433712
-1.59593 2.088875
1.101818 1.068765
1.695818 1.270347
2.744229 2.781495
-1.592245 2.744828
1.887625 -0.6552716
0.3319804 0.7317099
1.515433 -0.4198816
-0.8352313 -0.2616648
0.05591463 0.616689
-1.593499 1.17711
-0.4729841 -1.696358
0.1485688 -1.285246
0.213518 -0.6822559
1.73195 -0.5075026
-1.253179 2.575742
-1.764847 0.8427594
-1.750037 2.022118
-2.219385 2.183239
2.042762 1.763942
1.317881 1.639008
-0.155645 -0.4220977
0.6491827 0.9097806
1.738507 0.6028794
-0.170944 -0.06053786
1.964743 -0.3450304
1.211738 0.7107967
0.991372 -0.3487674
0.08230828 -0.0656344
1.534382 -0.6633548
-0.9803752 0.3725439
-2.916386 2.258584
-0.2685668 0.7923931
0.2497295 1.705923
-0.4459615 -0.5126507
0.1476479 -0.02957203
0.1177758 -1.087033
1.506152 0.3990495
2.459701 1.987313
-0.09909495 1.327091
-0.8189424 -0.6579416
0.6344683 -1.755154
-0.09640088 -1.579107
1.648054 1.827166
-0.4712372 -0.555623
-2.167314 2.059967
1.287355 0.8763422
0.6158925 -1.099669
1.219066 2.145587
1.171787 -0.3206953
-0.1648456 0.8724882
-1.47994 0.1963697
0.2866121 0.2369961
-0.01023685 -1.533853
-2.729007 1.827915
0.7156044 -1.700305
0.00785847 1.215484
2.604166 2.79221
-1.004855 -1.298791
-1.362497 0.7566914
1.101955 -0.715217
-1.584817 1.974723
1.989513 1.805665
1.593166 0.6761486
-1.124856 1.384852
2.921536 2.406031
-2.607394 2.218102
-1.762606 -0.1673597
1.334611 1.273492
-0.5220406 -0.01960731
1.075439 -0.1762799
-0.4397251 -0.750924
-2.609909 2.878586
0.01449355 -1.443266
-0.3151472 1.935217
1.679527 0.4876606
0.6681086 1.418706
0.7154125 -0.681003
1.006375 0.9054433
-0.3657762 0.191771
0.2490454 1.64683
-2.513861 2.344564
0.7593004 0.773995
1.492025 1.110466
0.9664697 1.012218
-1.769657 2.296092
-1.609364 1.152465
-1.551176 0.4490242
-0.4231308 -1.32436
1.842697 -0.6316929
0.9762683 0.3309241
0.5407215 -1.064924
1.458451 1.892611
-0.6660175 -1.545848
-2.55462 2.423081
-1.174426 0.1086556
0.1462744 1.219256
-2.385206 1.307919
-0.05996503 0.9197649
-1.016532 -0.8592444
-1.677416 2.206678
-1.869511 1.312019
-0.7956385 -1.761623
-0.3027908 0.2619855
-1.394112 0.6700154
0.2224748 0.8532539
0.0469122 0.9943049
-2.485709 2.814148
0.8721873 -1.342122
1.581346 0.3980211
-0.3596793 0.5666614
-1.450686 -0.4605156
0.3903145 1.515535
1.764788 2.911076
1.185371 1.394547
-1.730886 1.898882
-0.6001526 0.8840127
-1.729937 1.779065
-0.007015537 -0.08273613
-1.759568 2.292986
1.785538 1.878004
2.579303 2.005192
1.308567 -0.1029022
2.45396 1.524558
-2.180878 1.948926
-0.4365772 1.260644
0.3082187 0.269693
-0.6205433 1.901171
1.931437 1.282878
0.3492845 -1.492797
-0.5022871 -1.480592
0.6907471 1.699049
3.095814 1.981075
0.7311807 -1.33294
-0.6852114 0.7245688
0.8478709 1.284542
1.178233 0.316061
0.5686198 1.328446
0.8104311 1.181936
1.39406 -0.4058507
-2.94436 1.607959
2.753296 2.572193
2.763022 2.169076
0.1372943 -1.939213
0.5093367 -1.044259
-2.341189 1.976018
0.4400151 -1.299005
-2.651975 2.417107
-3.010031 2.33656
1.481092 -0.05244365
-1.59998 1.430899
-0.2958998 -1.7338
-2.917271 2.372487
2.715837 2.009523
-0.272516 0.8120507
0.05030714 -1.176825
-0.6820323 0.7375831
2.304699 1.931754
-1.713172 1.413926
1.080955 -0.8453374
1.948422 2.793107
-0.5887045 1.29924
0.5118818 0.5449851
1.742963 1.65757
-1.505576 1.005676
-1.495816 -0.9320126
0.5046098 1.750437
-1.203409 -0.5757335
2.284398 2.654144
2.069765 1.52266
-2.765294 1.880148
0.5497029 0.5174518
-1.804072 1.184907
2.504097 1.235661
-0.9199002 1.32946
-1.555766 2.524248
1.583522 2.608345
-1.936741 0.3278021
1.483186 -0.9074067
1.092827 -0.514015
-0.1174566 -0.6749216
0.5051249 -1.014465
-0.6389042 0.5919965
-1.493078 2.028307
1.62019 1.786271
2.905572 2.445885
0.09609358 -1.656816
-1.403543 1.66293
-0.2358257 -1.34533
-0.6826789 1.791536
-2.230534 2.29834
0.6228924 1.141638
-1.584758 0.2653246
1.551333 0.408371
-1.075008 1.027797
-2.662787 1.847145
0.5216623 -1.497868
-1.088907 -0.8516329
0.5661967 -0.1847615
1.274269 -0.4290832
1.414409 2.100687
-1.001471 0.1218397
0.1577468 0.08489127
1.248693 2.531984
-0.2234652 0.9380289
0.9942774 -1.346453
-3.021368 1.738384
-2.125634 2.03558
0.8492773 0.3273676
-1.334968 1.977134
1.59239 -0.01715922
-0.5086223 0.8976468
-2.451417 2.121254
0.9885506 -0.5266952
0.2012692 0.2357741
0.3124853 1.457935
-0.4289338 -0.5129299
0.5388759 -1.814754
0.3612967 -1.266093
-1.896932 2.215699
1.460686 0.1327048
1.130947 0.8357086
1.540141 -0.05223091
-0.7822164 -0.7640092
0.07256295 0.5196057
2.862232 1.62082
1.58008 2.940877
-1.369201 2.405956
0.2640285 -0.2998226
2.015108 1.619308
-0.597162 1.568755
0.06606127 1.533731
-0.5736933 0.3961045
-0.5000615 -1.564158
-0.6496777 -0.2244743
1.373164 -1.318419
-0.4611062 -0.7549877
-1.686174 0.8276168
1.795012 0.1175138
-1.965756 1.171343
1.905603 0.0009716228
-1.645102 -0.9174951
0.9677203 0.3491483
-1.93899 2.254089
-0.7345505 -0.7831185
2.639921 2.420443
-0.6653451 1.834234
-0.3556988 -1.701063
3.078039 2.322693
-1.58825 2.190867
1.849258 0.00711238
-0.5948283 -0.6352896
1.509826 -0.04805533
-1.303235 2.027588
-0.8817114 -0.4770604
2.450558 2.587485
-1.57254 -0.1558672
0.2563206 -1.025158
-1.920502 1.201032
0.4054979 0.495515
-0.1233594 0.4913549
2.05056 1.422505
-1.966434 2.404813
1.762883 0.47456
-0.6462568 -1.845664
1.496275 -0.3019165
0.8346687 0.9764823
1.466927 0.3029671
-2.282782 2.835837
-2.313804 2.759994
0.264634 0.2947386
-1.921246 2.733925
-2.962886 2.463354
-1.987937 2.804847
-0.9099045 0.3041194
-0.5189084 -0.1687699
1.457252 0.4047271
1.805231 0.1133887
1.43795 0.892081
-0.4451587 1.49572
-1.175023 1.351389
2.422629 1.644035
-1.580018 -0.7382177
0.9585528 1.00722
1.906402 0.4319559
0.1399101 0.755886
-0.2870206 0.8632311
-1.115556 1.649798
1.752336 0.8405255
-0.1535601 0.07820414
-0.9121253 1.041979
0.4579181 0.07585013
1.875774 0.2910665
1.426333 -0.03373669
1.432422 2.01784
0.1828786 1.404669
2.402397 2.74498
-1.297932 0.5059561
0.1049742 -0.9775035
-1.589457 0.6648625
0.7506825 0.4823047
0.4357403 -1.404434
2.024389 2.333401
1.714659 2.322926
-0.284489 -1.391277
0.0330478 0.06732875
1.400385 1.685488
1.658024 -0.06519186
0.5562202 -0.1643934
1.377581 -1.264052
2.58686 1.803271
1.480552 -0.888448
-1.288537 -1.024042
-2.925124 2.612845
0.6829683 -0.5070892
0.9749276 -0.4307899
1.184025 -1.55986
-1.701203 0.1020356
-2.839179 1.674073
0.9604575 -1.258409
1.784234 1.583669
-2.056802 2.374286
-0.09488753 -0.7992095
-2.572303 1.881402
0.1260687 -0.4457627
-0.3235664 0.7980614
1.303357 1.599277
-1.590259 2.159672
2.112616 2.454608
0.2725031 -1.399514
-2.262036 1.658274
1.51749 2.179806
0.239193 0.181489
-2.742328 1.888928
1.180576 2.104808
-2.899387 2.714121
-1.865401 -0.04297962
-0.4486049 -0.3212283
-0.2497836 -1.420491
-1.734238 2.286317
3.014439 2.018764
-0.7708442 0.3506358
1.600027 -0.1489284
-0.7413453 -0.8489419
-0.2242943 1.248102
1.347999 1.016994
1.318195 1.973245
-0.7161167 -1.104145
-0.3135719 -1.13697
-0.6466968 0.6231213
-1.586377 -1.155342
-1.245309 -0.0391017
0.9151275 -1.384569
0.3974159 0.2028731
2.209679 2.958742
-1.023549 0.8236408
2.04131 2.266677
-2.519507 2.36391
0.9332721 1.700495
2.21932 1.150983
1.266646 2.272103
-2.622374 2.705781
-1.006029 1.056105
-1.281103 2.399546
-0.5609667 -0.4890788
-2.550525 2.158102
0.2526761 -0.9588999
1.552957 1.924555
1.343539 1.671108
1.754296 0.49197
0.4254714 -1.79083
0.8626602 -0.9704531
1.546869 1.653836
-1.260131 2.36034
0.0971909 1.751132
0.006823935 -0.7240516
-1.676109 -0.5923234
-0.02057408 1.256213
0.03722816 -1.979777
-2.809102 2.178824
0.7146866 -1.511662
-1.283879 1.458554
1.38539 1.225672
-2.585602 1.605196
-1.157353 2.385592
0.4298043 0.6942092
-1.729594 -0.4327033
-1.850767 2.773601
-0.2451867 0.8358784
1.250412 0.4982424
0.8332183 -1.017669
-1.615297 0.8476212
-2.775374 1.968536
-2.163647 1.859796
0.9056095 0.166779
-0.7917508 -1.065664
0.1029294 1.195573
-0.3287715 -1.399628
-1.614651 1.525014
0.6822838 1.283461
-1.349042 1.416743
-2.785581 1.880988
2.129288 2.994856
-2.915678 1.574869
-1.498852 1.763904
-1.776641 1.863292
2.991578 2.269481
-0.893934 1.625677
-2.879414 1.936375
-1.60125 2.398351
-1.621781 2.49004
0.1278605 1.330366
-2.569831 2.614154
-2.119103 2.790062
0.4819832 1.708457
-2.599682 1.71802
-0.7377949 0.7993808
1.591744 -1.035944
-0.1926387 0.7336509
1.236509 0.9309425
-1.175245 -0.7941212
0.01958763 -1.303908
1.13956 -0.06012133
-1.573647 0.4063358
1.980164 1.472762
0.8209806 0.07701749
0.06249067 0.925437
1.799887 2.669461
0.8290194 -0.01663977
-0.09235263 -0.139495
0.4629763 -0.4622247
0.4189972 -1.506487
2.718919 1.671551
2.651601 2.074701
-0.6607151 -1.473932
-2.907748 2.219807
2.193085 2.761732
0.4599131 0.8549335
-0.4837322 0.5265364
-1.353728 -0.4228075
2.692072 1.600833
0.6185895 -0.6065204
-1.469271 0.4201779
1.766041 1.644518
2.940381 2.38928
0.02199699 1.557409
1.807379 2.571917
1.064581 -1.154379
0.2403116 -1.108877
-1.623582 -0.3581589
2.809367 2.151734
1.250257 1.913394
-0.4946964 1.320023
2.54759 1.512292
1.682268 1.484475
-0.29143 0.2074166
-0.5835497 -1.075857
-2.258141 2.895056
-0.655659 -1.385431
-2.576371 2.713516
-2.392261 1.625745
2.818881 2.435784
-1.258412 2.480335
2.240937 1.820304
2.81832 2.605487
-0.9929953 0.7913228
-2.464156 2.152541
-0.450398 -0.8286006
-0.07340954 0.6702093
-0.1373262 1.136467
0.6871406 0.7278464
0.136269 0.7188565
-0.4106194 -0.08441672
1.512911 1.864572
-1.373669 2.300673
0.3668529 -0.9431341
2.001212 1.591861
-1.87188 0.08063938
0.00457187 1.902022
-0.5370186 0.9854228
1.864258 0.3461047
0.07859344 -0.5796733
-1.023079 -0.9201743
-1.267116 -0.2367603
0.4567975 1.192909
2.780207 2.175697
1.321542 -1.085979
-2.162353 2.816065
2.384362 2.749193
-0.2108178 -1.029583
1.734549 2.583689
-1.259335 -1.241229
1.447042 2.620015
1.171999 -1.039802
-1.249757 2.426852
1.85372 2.587867
1.462157 2.730877
-1.474698 0.753681
0.09163816 -0.5027267
0.8900629 0.4652461
-1.075946 -1.398528
0.4771659 -1.398532
0.2525644 0.9461978
-0.7124633 -0.9088661
-1.345003 0.4964688
-0.6920883 -1.283403
-0.2181571 -1.64775
0.1421665 0.8890772
2.883439 1.907716
-1.920856 1.988328
-0.6688281 -1.164639
-0.1521536 1.607512
-2.863685 2.478524
0.113636 1.33877
1.989211 2.827241
-2.079547 1.383921
0.4542528 0.8881123
-2.289146 1.664395
-0.4412901 -1.180555
-1.362822 1.362088
-0.9360587 1.607754
1.180573 0.2065517
0.2715117 1.021588
-0.6429607 1.104157
2.62772 1.345795
-1.311857 0.6141479
2.275071 2.086973
1.399136 -0.2096089
-0.4013893 0.6824781
-1.585481 -0.7333528
1.501842 2.026273
-1.668121 1.779508
-0.204633 1.034742
0.02423192 -1.579152
-1.634213 0.5010404
-1.241645 0.8175063
-0.02474671 -1.782596
0.6512523 -0.9303982
-0.1459495 -0.7720885
-1.58708 -0.3555532
0.289168 -1.357305
-1.353953 1.551952
2.284027 2.36738
-1.290015 1.366627
2.940332 2.614089
1.581963 0.2154491
-0.05346077 -1.08019
1.294493 0.5457033
0.1803935 0.1710911
1.0172 -0.4513937
0.5474663 1.861836
-1.61643 1.714799
1.355071 2.031567
0.6457204 -0.976763
-1.065161 -1.671798
1.161766 1.196345
-0.1541201 -1.51946
-1.173663 -0.9286135
-1.654494 -0.5734806
0.3308435 -0.3923842
1.534857 2.855409
0.8708008 -1.160162
0.792832 -0.6300143
-0.5044283 1.479624
0.6908447 0.180039
-0.02312656 -0.9253461
1.853103 2.473194
-0.8935878 0.8392412
-1.376862 0.7276433
1.986522 2.476812
-1.580787 1.429676
-1.585979 0.1140234
-1.618964 2.969272
-1.036564 0.4416915
-2.817202 1.530502
-1.588732 2.281997
0.8338349 -0.7198841
2.925383 2.113644
2.088795 1.969351
0.6274813 -0.5884596
-0.1735304 -1.891594
-1.230894 1.172146
0.2689281 -1.673322
0.3946362 -1.35757
1.581154 2.359472
-2.612374 2.20091
0.257454 -0.1244159
-2.468491 3.007071
0.8745818 1.573781
-2.455915 2.820631
-1.605655 -0.2552128
-0.8321518 0.6663951
0.4685095 -0.6327036
0.9611236 1.690527
-0.09731372 0.2973214
0.6372391 -1.595672
-0.8995684 -1.416475
1.781185 1.334023
-2.993792 2.539121
0.1769285 1.563821
-2.035507 2.04959
-0.1817891 -1.987746
2.089268 2.496504
-0.23857 1.521947
1.439818 2.180984
1.542467 1.024766
-0.8525535 -0.6261867
1.202941 -1.417414
0.8763644 1.638291
-0.01817871 1.718567
1.550831 1.83895
1.533258 0.7404629
-1.992141 -0.168831
-0.9420638 -1.545641
0.3029773 0.7641483
-0.4271446 0.9317609
-1.304538 -0.9387919
-1.53833 2.126464
2.033484 2.188736
2.610745 2.148224
0.02817081 0.4593656
-0.359739 -1.235784
1.178153 -1.291513
2.218539 2.369504
-1.600758 -0.3845968
1.793559 0.11382
-1.097554 -0.7415543
-1.020369 1.063124
-1.866022 2.724885
-1.721648 -0.104572
2.443273 1.387522
2.617386 2.054899
0.8797361 0.1745804
-1.907839 2.889326
0.1610384 -0.2060806
-1.257219 1.782565
-0.3420283 0.5863276
-2.427745 1.368297
-0.1411096 1.332814
-1.587753 -0.1294182
0.07841289 -0.7966488
-1.776376 0.6359738
-0.3395554 1.698582
-0.2251209 -1.500123
-1.941474 2.799006
-2.054126 2.791936
0.325118 1.928555
0.5269488 1.198136
1.924319 0.3017786
1.581788 0.7081063
-0.6059377 -1.268044
0.07097171 0.6006177
-1.166208 0.9128732
1.244088 -0.1895391
0.8164129 -0.8875935
-1.606242 -0.8383342
-0.8523651 -0.7205129
2.673173 1.510941
1.984083 2.367679
-2.427193 2.337044
-1.00768 1.460294
0.3770941 -0.3163009
0.3413044 1.217587
-1.639342 -1.10349
-0.922846 -1.230683
1.662792 2.641894
1.051122 0.08830457
2.022594 2.312403
1.737525 0.2759574
-2.576916 2.322951
-1.138614 0.8719581
0.7660902 0.4286542
0.4734789 -0.7327238
-1.751113 1.505883
-1.46595 -0.4836221
-1.556395 0.7822397
1.018785 -1.300766
3.014502 2.101534
-0.2029966 -0.02394057
1.363036 -1.158002
0.481954 -0.7407812
-2.022672 2.830953
0.5742014 0.03158373
1.301836 -0.4350535
-1.714116 0.1391731
2.573969 1.237816
-1.166171 0.5225991
-1.178018 1.012365
-1.824687 -0.1200304
-0.5968533 1.246237
-1.685828 -0.5043941
1.169903 0.9076356
-0.03032222 0.5258059
-0.4868409 1.650237
-2.162504 2.766388
-2.493199 1.468318
-0.8243358 -0.4584542
-1.083636 -1.502409
-3.012394 2.482346
2.990909 2.403991
-1.041892 1.242972
0.3682474 0.1058789
1.050351 -1.577189
-1.174024 -0.9529554
2.510177 2.31552
1.745766 2.967045
0.1421054 0.8297939
0.5018422 0.5764112
1.862545 2.662366
-0.3372867 1.55501
2.758553 2.438287
-1.837372 2.365134
0.2850789 -1.357501
-0.1959154 0.07688906
-0.0161373 -1.938869
2.384183 2.301571
-1.341443 2.131767
2.097494 1.975588
-0.4407995 1.360377
-0.2708983 -1.199737
-0.7284033 -0.6620075
1.276871 1.721121
-1.601539 2.019507
-0.5748024 0.6901998
-1.134536 0.236543
-0.264756 -0.6370943
0.5223712 -1.822029
3.016853 1.998022
-0.1521684 -1.749984
2.751271 1.57497
1.075468 0.5765456
-2.026879 1.940236
2.831668 2.016906
0.9557541 -0.974479
-0.7704371 -0.7560704
1.161171 1.449665
-1.416217 2.532163
-1.725486 0.1940279
0.4788828 -1.233311
1.677123 -1.04861
0.4045228 0.5958531
-0.8065497 1.534819
-2.39008 1.612854
2.707916 1.80836
0.3581208 0.889119
-0.08675037 -1.86303
1.299549 1.640946
1.689897 -0.9495198
-2.466356 2.974397
0.3564631 -1.933446
0.7997433 1.586952
2.608343 2.897269
1.285333 1.52256
0.8701447 -1.070947
0.7253924 -1.241639
-2.132851 2.831887
-1.774414 1.468583
-0.141616 1.123028
-2.345234 2.661522
-1.367946 -0.9842065
-1.006137 0.5645676
-0.2459295 1.434656
-1.086384 -1.215012
0.2460963 -0.07042501
-0.1299829 -1.111137
0.6342259 1.183602
-0.6794717 1.470544
0.9059818 0.958203
-2.798851 1.944747
1.086372 -1.48856
2.728726 2.627962
-1.557984 -0.9617915
1.371701 0.1010104
2.059712 1.191146
-1.649725 2.214919
0.560879 0.5220596
-0.4564629 -0.07358965
-1.086038 1.579622
0.3345619 1.746516
-0.01100279 0.11827
1.342552 2.016861
2.01204 2.780538
-1.072457 0.4807708
0.3403948 1.287944
1.523275 0.3077237
-1.136378 1.176524
0.9597271 0.2726207
1.477135 2.58557
-2.656065 2.903006
0.3168956 1.682281
2.58402 1.621252
1.687822 1.375231
0.4257231 -1.09415
1.067952 -0.7522422
0.1121638 -1.751071
-0.322202 -0.2333507
-0.02150157 -0.9208956
0.619288 -0.7061873
-0.8812989 0.8657315
1.30335 2.235944
1.323862 -0.4858446
1.537407 2.300833
-0.7004246 -1.675727
1.322827 1.321373
1.671396 2.956916
2.616023 2.498788
-1.244778 -0.7303711
-1.865674 0.02221172
1.025027 1.614133
-2.439089 2.293568
-1.817557 -0.6600323
-0.5048376 -1.003043
-0.6645615 1.032835
-2.702751 2.325714
0.3018731 -0.1824726
0.200628 1.08794
-0.5318485 0.05714597
-1.785991 0.351564
-0.8611653 1.541404
1.770932 1.96931
-1.316526 -0.1315981
-1.64128 0.8036817
-2.027024 2.811513
-2.544072 1.423097
-0.05516526 0.5913088
-0.176629 0.7409727
1.49041 2.02009
2.558212 2.260784
-1.018144 -0.4701202
0.3318908 0.2477274
-0.85693 -1.017466
-2.479269 2.948101
0.306075 -1.101619
-0.2257639 0.01000185
-0.9386375 0.3927316
-1.021389 -0.9424008
0.05774443 -1.333952
1.911142 2.906876
-0.1062755 -0.8233936
-0.948499 0.7930517
0.9547728 0.1771404
-0.1346814 -1.741654
1.43021 -0.526411
1.53103 1.197054
-1.885026 1.747231
-2.159257 2.350155
2.619223 1.94996
-2.211345 2.338246
2.050923 1.355786
-1.803557 1.640315
-0.8803792 1.71825
2.43267 2.32324
0.18629 1.266926
-1.66513 2.278379
-0.4936676 1.292157
1.457985 2.642868
1.051468 1.435355
-1.166539 0.719329
-0.3744385 1.901295
0.7442243 -0.8003014
-0.8228939 0.2184989
-3.118231 2.1197
0.9304456 -1.323475
2.323606 2.179634
-0.3608931 -0.04544776
1.500052 0.9247524
-1.385723 2.496734
-1.260833 0.3581534
-2.927104 2.406512
-0.9895177 1.456678
1.253622 1.155562
1.399313 -0.9323151
-1.758538 2.210169
1.766652 2.865897
0.7377629 -0.468844
1.055451 1.631659
0.02823758 1.410381
1.379396 2.408563
0.178783 1.178057
1.595784 0.3526427
-2.285622 2.508249
-2.657554 1.96526
-2.409708 2.959047
-1.412663 1.914624
1.564762 2.698255
-0.7838106 0.3138903
-2.511249 1.224036
0.115525 1.282401
-0.1781576 1.569766
0.8404311 -1.136442
1.414958 2.083739
1.50658 1.741537
0.2786878 -0.7178941
-1.841313 3.073336
0.7763282 -0.2960534
0.3108726 -0.9474126
1.192559 1.830891
1.828552 2.271105
-0.02309217 -0.3773694
2.084847 2.359644
-0.7298965 -1.317974
-1.336335 2.376581
-0.7255059 -1.348296
-0.7716675 0.01725098
0.3842964 0.7095048
2.949396 2.278225
-0.961914 -1.140611
0.9698465 1.353387
-0.1576839 -0.2806477
1.075608 -0.6685144
1.600038 2.796154
-1.868089 -0.05515252
0.9579835 -0.3178292
-0.6199432 0.5558262
-0.04407571 0.3066099
-0.1260659 -0.3544863
-2.102502 1.360962
0.06152102 -1.430416
0.9309834 -0.4453823
1.285257 -0.3184716
-1.514003 2.870739
0.2009877 0.9720602
-0.1538398 0.1787915
2.364507 2.845316
-1.533863 1.41
-0.4744937 1.878087
-2.260675 1.476323
-1.383983 -0.394405
1.791523 2.096766
-1.7043 1.43779
-1.204275 -1.565377
-1.900739 0.4910322
1.887506 0.2820373
-2.469967 1.308838
0.6073077 0.3631383
-2.279505 2.793471
-0.4809491 0.672978
-0.9477536 -0.4405147
0.6240658 -0.7502353
2.932887 2.531688
-0.9516698 -0.3430368
-1.460524 2.377163
-0.7733823 0.6012381
-0.2633775 1.900017
-1.306241 1.476671
2.071669 2.918891
-0.7921665 -1.146516
1.754601 -0.6459436
-1.760711 2.783168
1.660578 2.62374
1.71454 2.376381
1.598625 2.158857
-1.34233 1.818211
-2.800403 1.599777
-0.5865492 -1.655151
-0.3340954 -0.815942
1.430092 0.8611605
0.3530031 -0.855927
2.093119 3.096694
0.4867705 -0.2991014
-0.8006481 -1.185428
1.539528 1.708785
1.525 -0.1292067
1.435408 2.041659
-1.151431 1.419884
1.134937 -1.392451
0.1790105 0.256806
-1.458193 1.438919
-1.562371 1.489185
1.255852 -0.01568393
1.817367 0.5515582
-2.849198 2.584011
1.520575 2.181496
3.057646 2.13059
-0.4583569 -0.302251
-0.9046713 1.552967
-0.01710354 0.704616
-0.4856212 -0.6152824
1.906767 0.2609118
0.3026963 -1.333932
-0.7640012 1.202856
0.4892027 1.211349
0.1326388 -0.001166072
1.438796 2.119346
-1.342732 -0.3563842
-1.834763 2.94717
2.750231 2.628857
0.09905713 -1.057543
-1.820158 1.559943
-1.42307 0.8163586
-0.1985258 0.3286013
-1.232789 -1.378477
-1.884594 1.744262
0.2235206 -0.2241414
-2.389925 1.42752
1.356883 -1.356031
-1.872127 -0.1385244
0.4058753 1.557058
-0.5076618 -1.503389
-0.5719536 -0.3411105
-1.703703 0.8895392
-0.5083583 -0.5781012
-1.537351 1.782549
0.5191754 -1.687416
0.08860364 0.450739
0.4758337 -1.250883
-1.436302 -0.3654073
2.662872 1.924728
-1.582619 -0.6814196
-1.933276 2.103843
-0.239172 1.035627
-1.544562 2.623343
0.6595894 -1.374177
-1.78478 2.280385
-1.649014 2.393752
-0.117178 -1.215984
0.1650159 1.720098
-1.493641 0.0008859262
2.134392 1.648818
-0.3093838 -0.745585
1.413486 0.8272266
1.837071 0.6202781
-0.3814119 -1.017255
-2.636237 2.663087
-2.224367 1.568881
-2.114441 2.453467
0.1030397 -0.9437874
2.806134 1.81057
-0.7214229 -1.315515
1.401062 2.61972
-1.223045 -0.7674799
1.252981 0.4079944
0.6502086 1.823903
0.4601955 -1.851489
2.091343 2.715223
-0.5473957 -0.1463553
-0.1935175 0.8394758
-1.705867 1.738031
2.467002 2.095712
0.2077222 1.152173
-2.473944 2.29109
0.9610542 1.035686
-2.472124 2.300731
0.4263688 -1.832474
1.558036 0.01463189
-2.54527 2.082213
1.388062 1.202009
2.064087 1.486566
-0.8552326 -0.9138999
0.01911019 0.2260066
-2.222245 2.680413
-2.690218 2.725277
-2.850307 1.780213
-1.789596 -0.1509781
1.643715 -0.2440915
2.449899 1.411473
-1.114712 -0.5549461
1.106519 1.426214
-1.41064 0.1250173
-0.2621674 -1.953373
-1.252176 -1.500071
-1.238456 0.1559885
1.764839 2.39553
1.994688 3.069527
-0.6256361 0.3111118
0.6896973 1.149979
1.974676 2.305015
-1.50918 2.244398
-0.7638202 0.1425528
-1.543961 2.826017
-0.3298514 0.4934608
-0.4216211 -1.241955
-1.630841 -0.3513237
-1.565807 -0.3300266
-2.559989 2.419708
-1.067926 -1.255468
-1.281816 0.6055069
0.2404637 -0.04848082
-0.833256 0.3839433
0.8614863 1.375883
1.036595 0.1867989
-0.685664 -1.864929
-0.6422523 0.2531969
1.944617 2.597126
-1.776449 1.298655
-1.903146 -0.5841773
0.4370542 -1.902634
-1.18201 -0.5061208
2.847098 2.705789
1.491846 1.27279
2.824426 1.433841
-0.7519501 1.541743
-2.274948 2.66695
1.210116 -1.452265
0.01280185 0.06013386
2.905721 1.974726
-1.762536 -0.7000871
-0.8844002 -1.189194
1.279851 -1.446821
0.04800958 -0.7255114
-1.122229 -1.208269
-0.3987809 -0.4838846
0.3390718 0.6419273
2.490828 1.527549
-0.2602395 0.7578826
-2.785316 2.731908
2.123043 1.670502
0.6737176 -1.561084
-0.03609347 -1.046506
-2.349594 2.93464
1.138758 0.1548066
-0.4756162 1.148438
0.4154441 -0.03249978
0.386592 0.9020626
-0.01626331 0.6574646
1.499392 -1.053672
0.9252188 0.8493611
-1.243557 -0.7803001
0.8855772 0.1722902
-0.8816033 0.07152229
0.3381568 1.933537
-0.5807192 -0.41435
-2.218987 2.041423
-1.9761 1.382363
-1.278539 -0.113296
0.9769177 -0.2588051
-1.909199 -0.03662276
2.829401 2.748962
-1.217469 -0.2227169
2.637303 1.707031
0.6848038 -0.3772018
-1.106022 1.354221
-1.695052 0.5689287
0.253968 -0.1134548
0.8339764 0.5871801
0.9000659 0.2975603
-2.847084 2.558491
-2.477947 1.203033
2.264289 2.658162
-2.867691 2.401897
0.4915748 -1.025322
0.842067 -0.7228333
2.623686 1.490798
-0.5951255 0.5557341
-1.996274 1.16785
2.881978 1.494106
-0.06315115 -0.141409
0.3666009 1.635156
0.1135306 0.4347976
0.6928035 0.2891742
1.011622 -1.440767
1.247447 1.074146
-0.3213951 -0.5323457
-0.531044 -0.6066543
2.454825 2.734818
-1.539299 -0.4184237
1.628582 2.444994
-0.6352388 -1.34556
-0.8095261 -1.804993
-0.675293 1.360711
-0.1245213 -0.06155854
-0.2344557 -1.903868
-0.5946272 1.427138
-0.05781838 -1.59415
-1.806876 0.08297782
2.203143 3.093138
0.01895144 0.7377007
-0.5865221 1.510234
-1.690724 2.037893
0.1005876 0.1973309
-1.163698 0.4326867
0.5202256 -1.468536
-3.065701 1.864768
1.509493 -0.3003112
-0.00905126 -0.6588284
0.8962521 0.8623481
-0.7080841 -1.170201
-2.684861 2.614005
2.270438 1.754952
1.097564 -1.074622
0.9909139 -1.009659
0.06998653 -1.484462
1.331489 2.092602
2.626236 1.955366
2.177306 1.649598
-2.136855 2.488213
-1.970994 1.592377
-1.579333 2.858222
-0.4801255 -1.703569
1.416603 2.690178
-0.1123876 -0.518388
0.2841512 -1.599797
1.129257 -0.6654243
1.016901 1.63164
1.80794 -0.103855
-0.3521453 -1.322362
-0.7377739 -1.638624
2.357917 2.455354
0.2189406 -1.271429
-2.496949 2.622683
-2.120578 2.783729
1.856814 2.541057
-1.446869 -0.8864994
2.783776 2.34394
1.125172 -1.404299
-1.790884 -0.2602542
1.777412 2.094881
1.576107 2.271175
-1.246806 0.1190054
0.1559202 0.8283299
0.5163843 1.327575
-0.1158748 1.563237
-1.355928 2.655016
-1.435757 0.9059571
-1.362913 2.374725
0.4856604 -0.7166449
-1.536847 1.686859
0.5560004 -0.959036
0.590743 -0.07091348
-1.845172 -0.2953121
-0.2210172 0.280664
1.807332 2.591119
-2.088795 3.101288
0.1826331 -1.117676
-0.059477 0.4330761
-0.5457765 0.8952238
1.640785 0.8330781
2.481184 2.64188
0.5088987 0.1146689
1.567614 -0.2561109
1.921515 3.086613
1.093004 1.486331
-0.8271948 -1.698229
1.954356 1.187356
-0.6325293 1.407767
2.563921 2.364807
1.465715 1.169981
1.531101 0.1423348
-1.126924 -0.2654893
0.7027946 -0.5339161
0.01982878 -1.371145
2.037945 2.042248
-0.7471384 -1.817508
-1.595319 -0.8305856
1.364027 0.5225182
-0.5513289 -0.05343216
-0.07854744 1.228938
1.208412 0.7322632
-1.877011 0.6144559
2.663035 1.419029
-1.110671 0.02897839
-0.5757155 1.858522
2.68696 2.829294
-1.014465 -0.6616002
0.04081235 -0.2682464
-0.2780289 0.3867683
2.344915 1.555862
1.114569 -0.02833794
1.841792 0.6736748
-1.575421 2.543809
0.2666394 1.499427
-2.37834 2.69555
-2.578662 2.816027
-0.4523467 -0.990964
0.6202875 0.9159748
1.703589 -0.3753593
-0.1193461 1.636441
-0.0106623 -1.131389
1.202037 -0.3367394
-1.693168 -0.7557667
0.377949 -1.908852
-2.502286 2.795533
0.642141 -0.8995834
0.5925836 -0.3298897
0.7265919 0.01418913
-0.255751 0.1196249
1.250125 1.527842
-0.7288013 -0.6100741
0.9843002 0.4538717
0.2695134 1.608328
0.2646764 -1.11727
0.07339874 -1.532195
-0.887083 1.260693
-2.670855 2.337556
-2.34502 2.76362
-1.504398 1.728554
1.0617 1.177471
1.453092 0.01591187
0.4934464 0.4008359
1.417616 -0.3001685
0.1156782 1.588198
0.02032612 1.228693
0.3615586 -0.4740788
-0.5530355 -1.238492
-1.143537 0.6483066
2.233848 2.273594
1.078185 -0.6121488
-1.296015 -0.4656922
-1.274533 2.437348
0.3178829 -1.524873
0.09872065 -1.379032
-0.7568954 -0.7791659
-0.05232618 0.8162365
-0.5163991 -0.4395965
0.2253551 -1.901011
1.948341 0.07855742
-1.344185 1.880718
2.081339 2.653229
-0.5874629 -1.486541
-1.171498 -1.430225
1.761444 3.01751
-0.233243 1.928988
0.7103993 -1.824247
1.652032 2.85922
-0.3479014 1.126543
1.336557 0.2692224
-2.561754 2.203935
0.08768194 -0.1488235
1.761696 -0.8102151
-2.616991 1.457285
-0.3447314 -1.387273
-0.6464716 0.5693699
-0.7638551 1.808203
0.5485107 1.906076
1.376782 1.869045
0.5185449 0.1826081
2.827115 1.778805
0.1729009 1.506472
-1.412701 0.8532049
0.7635489 0.8594552
-0.8715661 -1.302115
0.4732398 1.487888
0.6996165 -1.410594
0.6291688 -1.540402
0.293884 0.1781572
-0.1667036 -0.1147946
1.803327 2.652734
0.9175834 0.752765
0.6346129 -1.19333
1.434784 0.4944918
-1.645947 2.933186
1.021743 -1.466418
-1.02626 -0.3682799
-1.183503 0.1722854
-0.9077955 -0.01282723
1.736223 3.041322
0.4445623 1.56926
3.03992 1.822267
-1.025918 0.1034924
1.226192 -1.482526
0.4228063 -0.1305393
-1.043172 1.468957
2.864511 1.453581
0.2554034 -0.6252431
2.708122 2.312704
2.332668 2.702302
-1.861997 0.3439334
2.08461 1.899677
-0.7319929 -0.5136695
1.578338 2.791395
-1.230962 -0.2267856
0.7780701 -0.2978532
1.647924 1.836977
0.06679115 1.855485
1.791372 0.02160638
0.2416703 -0.7507653
0.5412394 -1.861888
0.2871025 1.541926
-1.236403 0.9474043
-0.6386978 -1.701014
-1.875655 1.614053
1.471945 -0.2891383
-0.6432396 -1.214511
-2.720681 2.905157
-2.679028 1.560687
2.856982 2.214061
0.4466211 1.381518
0.7335621 -0.6016888
0.1436329 -0.9231916
-0.01496797 -0.4809403
-0.01294723 -1.687328
2.098134 1.913379
-0.437924 -0.8802549
-1.859929 0.2188442
2.919995 2.380622
-2.257524 2.463461
1.293995 -1.516026
-0.1176632 -1.743318
-1.214277 1.236483
2.066781 2.302733
-0.2171398 0.8990828
0.03363488 0.7020642
0.9097401 -0.6220208
-1.561608 0.7780032
1.795836 -0.642313
1.024726 -0.8219618
-0.8057844 1.382302
1.908157 2.959478
-1.79568 -0.528566
-0.4896107 0.9380945
1.174601 -0.1617909
-0.6473286 1.387078
2.94154 2.332166
-0.6171824 -0.7283846
-2.84881 2.221062
-0.572726 0.1499199
2.310145 2.788326
-1.803774 -0.418081
-1.143709 1.145283
1.464748 -0.4430939
0.6843983 -0.3352007
0.2362036 -0.3045396
0.1008271 -1.555322
-2.106867 2.872943
-0.1596195 -1.792149
2.15662 1.228053
-0.2569314 -1.325372
-0.6715614 -1.73944
1.431919 -0.1399476
-1.507036 -0.5596087
-2.596649 1.693965
-1.375333 -1.238557
-3.038185 2.475893
2.283437 1.940651
0.09021027 1.335714
2.493207 1.241206
-0.7267736 -1.522722
-0.5171457 1.110314
-0.6651191 -0.01104346
0.8350645 1.546889
-0.3193018 0.3399368
1.142198 2.306001
-0.1756362 1.909007
1.445155 2.714975
-0.7049601 -0.0615687
-0.3098741 0.1568701
-1.151073 2.114671
-1.937843 2.429367
2.752341 2.534035
-2.4207 1.482488
-2.614459 1.898019
-0.2582143 1.540725
-2.344765 1.742111
-1.611504 2.2318
-0.9288384 0.3992535
-1.448409 0.8642957
-0.06315631 1.914932
1.703869 0.07173763
-0.2676324 -1.173374
0.5620343 1.431132
-2.590211 1.892124
-0.2770551 0.7938542
2.08272 1.567333
-1.091475 -0.3164009
-0.3997166 -0.7899905
0.2254611 0.7034497
-2.635528 1.706163
0.1952797 -0.7560833
2.833838 2.697381
-1.832316 0.3431809
0.4595536 -0.03427718
0.6348389 1.742909
0.2526255 -1.613477
-1.721787 1.975162
-0.5216471 0.5635383
2.104587 2.361818
1.657441 -0.1874647
0.3448018 1.243535
-2.495926 1.527645
-0.337633 -1.012918
1.600611 2.370142
1.654386 1.10484
-2.722884 1.604255
1.251614 -1.288043
-1.88376 2.723382
-0.289609 0.1112081
2.460234 1.251819
-1.410512 0.5418275
-2.23863 2.204351
-0.7912392 -0.5870183
-1.462432 2.552612
-0.6470297 0.685654
-0.3318695 1.870648
0.6556732 0.1972435
0.1427767 1.242133
1.43698 0.04243616
0.7949634 1.441388
-1.644446 2.405372
0.002199426 -0.3267194
1.431393 2.357088
1.070961 0.286045
-0.3564502 0.4761253
-0.9920566 0.699802
-1.428864 0.5782134
-2.513715 1.892272
0.1785948 0.4039937
-0.9760993 1.692896
-0.4582502 0.7076777
-1.710835 -0.3456777
2.493242 1.333043
-0.6468842 -0.7405513
1.947328 0.3862888
1.305201 1.219519
-0.5285428 -0.02476173
-2.514364 1.933914
1.5661 2.721344
2.089495 1.626624
-1.589302 1.93855
-0.6258097 1.389359
1.349369 -0.5348339
2.261122 1.642436
0.7666632 -1.031832
0.6347201 -1.352653
1.458227 2.763147
-0.2438419 -1.757879
0.5781977 -0.5431745
-1.378782 0.6097955
-1.073027 1.055148
-0.9421606 -1.360891
1.581452 -0.1045154
1.466819 -0.5075488
-1.971127 2.464897
1.092985 -0.1210761
1.26214 -0.930989
0.5709804 1.806509
1.76013 1.753933
1.351508 0.34738
-1.639684 0.2401968
1.459785 -0.01992512
0.1552592 0.8459811
2.208246 1.963575
-1.51586 0.7768707
0.3508938 -0.8477165
0.3188611 -1.375605
-0.5204309 0.1310697
-1.317565 -0.989473
1.318418 1.954094
-1.632233 0.4768752
0.06898973 -0.05141022
0.2316182 -1.509576
-0.7923716 1.281129
0.844753 1.347145
-2.410792 2.681422
2.909218 2.258766
-0.347276 -1.503532
-1.368481 2.696541
0.1520279 -0.6972564
-0.06778154 1.170226
-0.3445619 -0.6351182
-0.8789164 -0.07972351
-2.716552 1.507789
-0.2101432 1.807548
-1.153189 -0.01609625
1.888617 1.366532
0.5374083 -1.670952
-0.3147694 -0.4458753
-1.149763 -1.414798
1.606016 0.9296141
-1.866581 2.573297
0.4422715 1.671917
2.910865 2.503828
-0.02683769 -0.8528196
-0.4695974 -0.8531778
1.696565 1.768469
-0.5346795 0.7716806
2.823343 2.390185
2.50092 1.441565
-0.136351 -1.544646
1.843238 -0.3497626
-1.538074 2.889492
-0.2965291 -1.186828
-2.165055 2.519006
-1.016866 -1.437227
1.776406 2.802327
-2.448856 2.758639
1.134459 -1.597342
-0.9050116 1.152586
1.379138 2.419684
0.7333483 -0.4312887
-2.499379 1.612246
-1.636523 2.154287
-0.7114394 -0.4823789
-0.5525061 1.596008
-0.4149071 -0.2522567
1.383736 1.241394
0.1368467 1.387105
0.869729 -0.03131952
1.720399 0.8932048
2.628886 2.88896
1.250402 -0.009797052
-0.7024859 1.487538
-0.7837847 0.8576637
-1.420874 1.714209
0.8015505 -1.795299
1.166125 -0.0557737
1.332344 1.40542
0.09638281 0.8183508
0.8374713 -0.6287574
0.7827229 0.06308113
0.6922988 1.599937
2.710093 2.37984
2.710475 1.989057
1.159609 0.2596501
2.754107 2.108408
-2.437071 2.894109
-0.353373 -0.5421748
0.01262854 -1.925898
0.5348827 -0.7259392
-2.554805 1.886721
-0.3180083 1.068452
-0.9896328 0.6015106
-0.3334906 -0.9851522
-0.851678 0.7557855
1.488524 -1.000094
2.050183 1.83724
0.7268217 1.155399
1.945816 0.1857274
-0.4491274 1.919295
1.363887 -0.6482343
-2.043206 1.520337
0.5293362 -1.504771
2.251338 2.911167
-1.169256 1.55008
-2.038245 3.023929
-0.565902 -0.6117587
-1.938274 2.098475
-1.062937 -0.3843126
-3.042361 1.855689
-1.253138 2.308282
-0.5068178 0.1264421
2.433998 1.258951
-0.6257019 -1.612159
2.927727 1.957227
2.482461 3.05066
-0.5079959 -0.6113245
0.4603559 -0.8152785
1.337703 1.620737
2.263418 2.118294
1.960303 1.616711
-0.650785 -0.3716951
-0.8526596 0.6948301
-2.320618 1.146195
-2.900878 2.104054
0.03066061 1.71162
-2.1553 1.766638
1.040257 -1.081999
-2.260592 3.095299
0.781124 1.40434
-2.142412 1.309456
0.7627986 1.095952
-0.920702 1.558272
0.09568056 -1.298255
2.17807 3.015132
-0.7429509 1.639853
-0.9716532 0.5483065
-0.8690311 1.477756
-2.017914 2.939629
-1.609994 -0.2534418
-2.704279 2.622547
2.921624 2.271762
1.493947 1.684593
-1.091296 1.419135
1.287983 1.216262
0.03476047 -0.2148992
0.2796298 0.3357578
0.6067373 -1.097429
2.679818 2.153622
1.817132 -0.7360479
0.08569856 -0.9387106
-0.4211215 0.1633107
-1.719116 1.425119
-1.704095 2.704763
-1.411511 1.729195
-2.270026 2.230715
-0.9557908 0.4102851
-1.767224 2.641896
-1.78228 0.1341497
-1.225657 2.219346
-1.91504 0.1605149
1.780615 2.969121
-0.6682806 1.410458
-0.2008911 -1.315968
-0.02007475 -0.2269536
-1.702172 0.5907978
-2.405027 2.750215
-0.9535963 1.538761
1.137215 -0.0661755
-1.807088 -0.3307983
-1.361816 1.863546
-0.7310364 0.8063703
-1.608156 2.106513
0.8600647 1.667187
-0.1502708 -0.4085591
1.790161 2.37188
-0.1639177 -1.868808
-0.5127019 0.6616394
-0.02529581 1.711292
1.531799 0.335827
1.156188 -0.1667004
1.408096 2.508611
1.650513 -1.026096
-0.5211588 1.391528
-0.5752261 0.8376349
-1.1888 1.176914
-0.5270083 1.393325
0.09763191 0.1794588
-0.9403208 -1.62303
-1.417139 1.061706
3.115308 2.094169
0.1250107 -0.06967525
-0.2834541 -0.0945083
-0.1621699 1.053406
-0.05024925 -0.09240749
-1.800069 -0.5429294
-0.8226706 -1.199416
0.7207502 -1.1326
1.916434 3.057512
-0.4092209 -1.111814
0.656602 -0.8481165
0.7662045 0.9179718
0.2394856 1.142553
1.612098 2.478856
1.413611 -0.8849211
-0.2474746 0.2433052
0.9193017 -0.538461
1.920617 1.63007
-2.667399 2.183269
1.497981 -1.208356
0.5900439 -0.405425
2.861948 2.698364
-1.12611 -0.487027
-0.5533911 0.5918788
-2.448449 2.964889
-0.9209571 1.254527
1.611641 -0.910879
1.126098 -1.15026
-1.554912 2.702157
0.8892388 -1.402643
-1.604294 -0.7966565
-1.297029 0.6925442
-0.413615 1.281829
1.926203 1.236092
-1.595486 0.7426274
0.5848941 -1.76255
-1.91882 1.731075
1.002218 -1.660492
-0.1504755 0.01231768
0.3995461 -0.2237926
-0.8643863 -0.1540442
0.4198116 0.623511
-1.272922 2.460438
-1.884985 1.780066
-0.5336882 -0.198516
-1.330312 0.5856703
-0.7632449 0.9731544
-2.317822 1.651824
1.813207 2.571687
1.484229 -1.197759
-2.42759 2.845838
1.724668 1.882312
-0.2700285 1.375065
-0.1211146 1.067604
-0.3689525 -0.9025573
1.181001 1.955375
2.327089 1.351714
-2.457318 2.181547
0.65093 0.5351528
-1.617063 2.82412
1.083692 -0.7884953
-1.594503 1.461508
-1.875337 -0.2943653
-0.1199935 -0.1041597
2.114951 2.837755
-1.387672 -0.7623966
1.995113 2.201886
-1.778766 1.400485
2.418682 2.154943
0.986889 0.8720708
0.01551879 -0.3671394
-1.088002 -0.2653015
1.880397 1.560912
-1.800232 0.8562223
-2.73738 1.75536
0.2953211 -1.296684
-0.1552385 1.279738
-0.6309881 -1.167675
0.006839912 -0.9028288
1.14721 1.568021
-1.000871 1.076176
-2.4513 1.756254
1.289186 -1.448062
2.013608 2.847565
0.3983652 1.416986
2.70876 2.164714
-1.661335 2.92476
0.2035245 0.1005869
-1.553628 2.25241
-0.477333 -1.668873
-0.9176682 -1.374101
0.8601251 1.70465
-1.612194 2.676462
2.640912 2.882214
-0.2486029 1.857002
1.568865 0.7987053
2.146189 2.909064
-0.9173778 1.488314
1.664049 2.909952
0.06103646 1.920817
2.040058 2.03461
1.598895 -0.3642357
-0.5486891 0.8846107
-0.180527 1.819832
-1.409957 1.976311
-2.764453 2.011674
-0.4547854 -1.450884
-1.409423 -0.3495424
1.750011 -0.06101713
-0.5012019 1.549187
-2.198287 1.850459
1.543746 1.746367
-1.253077 2.444796
-1.088638 -1.247942
1.422076 2.571106
-2.947342 1.633536
0.3058571 0.2454879
1.207176 2.18904
2.748063 2.068009
-0.7767745 1.451282
0.4283461 -1.356327
1.210913 1.207451
-1.809571 2.587896
0.2481211 1.169042
-0.515274 -0.4345377
-1.947664 1.481683
0.1570074 -0.5495576
-1.033633 -0.1598169
-0.3567096 -0.3286946
1.60675 2.838114
-0.4988255 1.329672
1.09927 0.8729733
1.539248 0.03681577
-1.05326 -0.9688906
1.137572 -0.2842251
0.6140578 -0.5625171
-0.7457991 -0.3888444
-1.5807 1.486746
2.014213 2.905692
2.456507 2.058721
-2.37897e-05 -0.3602292
-2.415203 2.413332
1.205964 -0.3397684
-1.787574 1.490706
-0.1638816 -1.90226
1.83031 1.977644
-0.3647674 -1.839823
1.851985 1.711751
0.6265077 1.271061
0.8876955 0.1126263
2.483866 2.349971
-1.769826 -0.1593882
0.9344442 0.1834829
1.926034 -0.3748011
-0.567634 1.907243
1.288689 1.761986
-0.02468047 0.8481315
1.084725 -0.3446948
-1.20933 -0.02911709
-0.6951507 1.749611
0.01396279 -0.7822985
0.9290449 1.150971
-2.101729 2.072163
-0.4562263 -0.7144022
-0.1346756 0.4490815
1.279358 1.997995
-0.7592723 -0.1020202
0.4345617 -0.3508279
0.1693657 -0.1049463
0.870505 1.128223
0.1227931 0.7487757
-2.30499 2.979562
-0.8007545 -0.9892997
-1.142951 -0.4729488
-2.598632 2.245971
1.757621 -0.03335618
-2.92465 1.671709
0.09849346 -1.868976
-1.473571 1.780902
-0.5920485 -1.634098
-1.56789 1.097036
0.5870776 1.762948
-0.2039975 -1.313644
0.1657782 -0.3972085
-1.508741 1.890062
1.186227 -0.5186771
2.045165 2.488371
-1.353366 1.564007
-1.447978 1.51677
-1.837966 -0.2812063
0.4640966 0.5608015
-0.07314611 -0.4783476
-2.724861 2.823007
-2.202911 1.218939
1.112267 1.29777
1.295166 0.3352887
-0.9570476 -0.6624829
0.1970398 -0.5985973
-0.9710282 0.7688537
-0.3775733 1.82509
-2.189354 3.029062
-0.4124224 1.024622
-1.049655 -1.303292
-0.9429245 0.275847
2.433593 1.967232
-2.568003 1.515952
1.482195 1.914256
-0.620653 0.4929708
0.2710404 1.309731
0.2900768 -1.175268
-1.071672 -1.226083
-1.562106 -0.05799412
0.111387 -1.822341
-2.866532 2.564255
0.1198806 -1.7945
-1.848966 -0.6493688
-1.133564 -0.5200708
2.987677 2.558625
2.575192 1.58754
2.155447 2.848095
1.29911 0.4049158
-1.551286 2.122891
-1.651704 1.284881
0.1006868 0.2044641
1.793324 -0.5127878
1.411249 1.37146
-1.29033 -1.495759
-1.482942 -0.5659037
-1.137678 1.597908
-2.402603 3.015971
2.064859 1.555683
-0.5809311 -1.499885
-1.446927 1.294326
1.639985 -0.6246355
-1.609515 -0.01426214
-0.515651 0.7693515
-0.6449425 -1.089494
0.2899951 1.89824
1.394214 -0.3731574
0.2223058 -0.03939231
2.417442 1.368194
-1.938262 1.31329
2.526733 1.214926
0.7544405 1.467131
0.2511927 -0.6071662
1.354202 -0.9842966
-0.6069283 0.8660494
-1.255457 0.4626247
1.229378 0.3010608
-0.3806985 1.775945
-2.204431 2.491805
0.6869864 -1.497471
-1.329532 1.532379
-1.095838 -0.4721844
0.7036365 -1.097993
0.637026 -1.452457
0.2184741 1.57186
0.2569431 1.617053
1.525504 1.254276
-1.789158 1.336772
-2.325566 2.038269
0.2667934 1.18016
-2.365686 2.730385
-1.42635 -0.4638728
-0.6549177 -0.5042586
0.790723 -0.5677628
1.217834 1.27442
0.7499661 0.3037164
0.1533041 0.5422352
1.491287 2.732383
1.025738 0.6730349
1.012456 -0.5019476
0.8609282 -1.499697
1.822272 -0.6466131
0.8632374 1.226198
-1.14433 -0.6888411
0.3950988 -1.698999
-1.979683 2.693535
0.9193241 0.441426
-1.985265 -0.2138606
-2.538141 2.297418
-1.409623 0.1783282
0.7288054 -0.6494466
1.852657 2.524637
0.5561694 0.8386731
-1.676772 1.854591
-2.337757 2.814579
1.703156 -0.4859608
1.007099 -0.1844678
1.421132 -0.796805
-1.530688 -0.7446255
-1.70022 0.8629958
1.2836 -0.6711683
-1.332312 1.138002
1.690301 2.009797
1.287297 0.6960746
1.508986 -0.09371231
-0.1778092 -0.1135078
-1.448237 -0.7538608
-1.755746 2.76323
-1.146191 1.291332
-1.513015 1.829005
2.249061 1.47222
-0.1381494 0.4300415
-0.6431073 -1.516019
-1.79692 0.2663276
-0.7394744 -1.232828
-1.041417 -0.7241978
0.9889698 0.7898871
0.2594024 1.414443
1.109199 -1.409879
-2.171945 1.166169
2.583237 2.990392
-2.640264 2.12553
0.983922 -1.298096
-0.7930646 -1.822418
-2.152985 1.777767
-2.179126 1.22032
-1.417519 1.700858
-1.040784 0.224719
-0.7652897 -0.6195615
-2.08169 3.05717
1.632607 2.611288
-1.358974 0.001854308
-0.06956362 -1.91094
-2.777064 2.58335
2.863011 1.530319
-1.017329 -1.707615
-0.253846 -1.45325
1.753852 1.435821
0.8077573 -0.1810671
1.03273 0.1950211
-2.556255 2.081006
0.9088147 0.9953254
1.353867 0.6322947
-1.776501 2.262525
0.3902113 -0.6778626
0.3191264 1.919293
-0.4118747 1.477049
-0.9363476 1.541634
3.031584 2.521039
2.060686 2.601809
-0.1124487 1.77484
0.3808094 -1.058253
1.728151 1.382779
1.928752 0.08570308
-1.850944 -0.5034522
-0.4012415 0.8459153
1.527082 -0.2195893
1.847213 2.184856
-1.684199 -0.3503507
1.282571 -1.378424
-1.748998 1.546255
-0.2011851 -0.07439236
1.097745 1.182587
2.681829 2.525348
0.4935515 1.73946
0.8269032 1.70481
2.285215 3.034113
-2.939801 1.935635
-1.174019 -1.49981
-1.846571 1.455633
0.3959551 0.910192
1.035558 -1.559384
-2.659866 2.24362
-1.315081 1.490094
-2.929576 1.852786
0.9064363 -0.0198068
2.232554 1.802448
-1.313436 0.3754037
-1.704415 2.139365
-1.587128 1.212801
-0.6977556 -0.4422465
0.1398964 -0.3315204
-0.1847135 1.420006
-1.453504 -0.467243
2.58904 2.058123
2.299914 2.913033
0.457355 -1.340196
1.143285 1.317766
-0.01013412 -1.209097
-2.262486 2.768666
-0.9180857 1.429834
2.097129 1.698193
0.3494361 0.6613935
0.3476719 1.003604
-0.2250057 -0.655814
1.976832 2.808781
1.462263 0.1845137
1.507612 1.133907
2.47863 2.747272
-2.732376 2.797452
-1.293685 1.147186
-2.481483 2.090331
0.04002804 1.712076
-1.353906 -0.09103195
1.956953 2.044402
1.447014 1.140531
-1.099793 -0.5677148
1.146277 -0.1530465
2.094945 1.978743
0.5237947 1.788157
1.464155 0.3239009
-0.6328465 0.3213971
1.258471 2.19867
1.160353 0.7101832
-1.213032 2.525311
1.477582 1.07194
-2.678527 1.630746
-1.279028 1.438074
-0.05930633 0.04797534
-1.68348 2.819689
1.755648 1.32133
-0.1419696 -1.829093
0.593085 0.3509398
1.570372 1.982328
-1.321161 1.825762
0.05439771 -0.8570354
1.323898 0.5411038
2.39396 1.71271
0.1623078 -0.8339264
-1.486507 -0.2346906
1.341293 -0.07784349
-1.553736 -1.172368
2.706113 2.813996
0.7371197 1.469379
-0.6097845 -1.08888
1.760329 1.646507
-2.436974 1.930072
2.936346 2.078108
1.406636 -1.012259
-2.580495 1.403296
2.799041 2.209192
