173.0 392.0
173.0 391.0
173.0 390.0
173.0 389.0
174.0 393.0
174.0 392.0
174.0 391.0
174.0 390.0
174.0 389.0
174.0 388.0
175.0 393.0
175.0 392.0
175.0 391.0
175.0 390.0
175.0 389.0
175.0 388.0
175.0 387.0
176.0 392.0
176.0 391.0
176.0 390.0
176.0 389.0
176.0 388.0
176.0 387.0
176.0 386.0
177.0 391.0
177.0 390.0
177.0 389.0
177.0 388.0
177.0 387.0
177.0 386.0
177.0 385.0
178.0 391.0
178.0 390.0
178.0 389.0
178.0 388.0
178.0 387.0
178.0 386.0
178.0 385.0
178.0 384.0
179.0 390.0
179.0 389.0
179.0 388.0
179.0 387.0
179.0 386.0
179.0 385.0
179.0 384.0
179.0 383.0
180.0 389.0
180.0 388.0
180.0 387.0
180.0 386.0
180.0 385.0
180.0 384.0
180.0 383.0
180.0 382.0
181.0 388.0
181.0 387.0
181.0 386.0
181.0 385.0
181.0 384.0
181.0 383.0
181.0 382.0
181.0 381.0
182.0 388.0
182.0 387.0
182.0 386.0
182.0 385.0
182.0 384.0
182.0 383.0
182.0 382.0
182.0 381.0
182.0 380.0
183.0 387.0
183.0 386.0
183.0 385.0
183.0 384.0
183.0 383.0
183.0 382.0
183.0 381.0
183.0 380.0
183.0 379.0
184.0 386.0
184.0 385.0
184.0 384.0
184.0 383.0
184.0 382.0
184.0 381.0
184.0 380.0
184.0 379.0
184.0 378.0
185.0 386.0
185.0 385.0
185.0 384.0
185.0 383.0
185.0 382.0
185.0 381.0
185.0 380.0
185.0 379.0
185.0 378.0
185.0 377.0
186.0 385.0
186.0 384.0
186.0 383.0
186.0 382.0
186.0 381.0
186.0 380.0
186.0 379.0
186.0 378.0
186.0 377.0
186.0 376.0
187.0 384.0
187.0 383.0
187.0 382.0
187.0 381.0
187.0 380.0
187.0 379.0
187.0 378.0
187.0 377.0
187.0 376.0
187.0 375.0
188.0 383.0
188.0 382.0
188.0 381.0
188.0 380.0
188.0 379.0
188.0 378.0
188.0 377.0
188.0 376.0
188.0 375.0
189.0 383.0
189.0 382.0
189.0 381.0
189.0 380.0
189.0 379.0
189.0 378.0
189.0 377.0
189.0 376.0
189.0 375.0
189.0 374.0
190.0 382.0
190.0 381.0
190.0 380.0
190.0 379.0
190.0 378.0
190.0 377.0
190.0 376.0
190.0 375.0
190.0 374.0
190.0 373.0
191.0 381.0
191.0 380.0
191.0 379.0
191.0 378.0
191.0 377.0
191.0 376.0
191.0 375.0
191.0 374.0
191.0 373.0
191.0 372.0
192.0 381.0
192.0 380.0
192.0 379.0
192.0 378.0
192.0 377.0
192.0 376.0
192.0 375.0
192.0 374.0
192.0 373.0
192.0 372.0
192.0 371.0
193.0 380.0
193.0 379.0
193.0 378.0
193.0 377.0
193.0 376.0
193.0 375.0
193.0 374.0
193.0 373.0
193.0 372.0
193.0 371.0
193.0 370.0
194.0 379.0
194.0 378.0
194.0 377.0
194.0 376.0
194.0 375.0
194.0 374.0
194.0 373.0
194.0 372.0
194.0 371.0
194.0 370.0
195.0 379.0
195.0 378.0
195.0 377.0
195.0 376.0
195.0 375.0
195.0 374.0
195.0 373.0
195.0 372.0
195.0 371.0
195.0 370.0
195.0 369.0
196.0 378.0
196.0 377.0
196.0 376.0
196.0 375.0
196.0 374.0
196.0 373.0
196.0 372.0
196.0 371.0
196.0 370.0
196.0 369.0
196.0 368.0
197.0 378.0
197.0 377.0
197.0 376.0
197.0 375.0
197.0 374.0
197.0 373.0
197.0 372.0
197.0 371.0
197.0 370.0
197.0 369.0
197.0 368.0
197.0 367.0
198.0 377.0
198.0 376.0
198.0 375.0
198.0 374.0
198.0 373.0
198.0 372.0
198.0 371.0
198.0 370.0
198.0 369.0
198.0 368.0
198.0 367.0
198.0 366.0
199.0 377.0
199.0 376.0
199.0 375.0
199.0 374.0
199.0 373.0
199.0 372.0
199.0 371.0
199.0 370.0
199.0 369.0
199.0 368.0
199.0 367.0
199.0 366.0
200.0 376.0
200.0 375.0
200.0 374.0
200.0 373.0
200.0 372.0
200.0 371.0
200.0 370.0
200.0 369.0
200.0 368.0
200.0 367.0
200.0 366.0
200.0 365.0
201.0 375.0
201.0 374.0
201.0 373.0
201.0 372.0
201.0 371.0
201.0 370.0
201.0 369.0
201.0 368.0
201.0 367.0
201.0 366.0
201.0 365.0
201.0 364.0
202.0 375.0
202.0 374.0
202.0 373.0
202.0 372.0
202.0 371.0
202.0 370.0
202.0 369.0
202.0 368.0
202.0 367.0
202.0 366.0
202.0 365.0
202.0 364.0
203.0 374.0
203.0 373.0
203.0 372.0
203.0 371.0
203.0 370.0
203.0 369.0
203.0 368.0
203.0 367.0
203.0 366.0
203.0 365.0
203.0 364.0
203.0 363.0
204.0 374.0
204.0 373.0
204.0 372.0
204.0 371.0
204.0 370.0
204.0 369.0
204.0 368.0
204.0 367.0
204.0 366.0
204.0 365.0
204.0 364.0
204.0 363.0
204.0 362.0
205.0 373.0
205.0 372.0
205.0 371.0
205.0 370.0
205.0 369.0
205.0 368.0
205.0 367.0
205.0 366.0
205.0 365.0
205.0 364.0
205.0 363.0
205.0 362.0
205.0 361.0
206.0 372.0
206.0 371.0
206.0 370.0
206.0 369.0
206.0 368.0
206.0 367.0
206.0 366.0
206.0 365.0
206.0 364.0
206.0 363.0
206.0 362.0
206.0 361.0
206.0 360.0
207.0 371.0
207.0 370.0
207.0 369.0
207.0 368.0
207.0 367.0
207.0 366.0
207.0 365.0
207.0 364.0
207.0 363.0
207.0 362.0
207.0 361.0
207.0 360.0
208.0 371.0
208.0 370.0
208.0 369.0
208.0 368.0
208.0 367.0
208.0 366.0
208.0 365.0
208.0 364.0
208.0 363.0
208.0 362.0
208.0 361.0
208.0 360.0
208.0 359.0
209.0 370.0
209.0 369.0
209.0 368.0
209.0 367.0
209.0 366.0
209.0 365.0
209.0 364.0
209.0 363.0
209.0 362.0
209.0 361.0
209.0 360.0
209.0 359.0
209.0 358.0
210.0 369.0
210.0 368.0
210.0 367.0
210.0 366.0
210.0 365.0
210.0 364.0
210.0 363.0
210.0 362.0
210.0 361.0
210.0 360.0
210.0 359.0
210.0 358.0
210.0 357.0
211.0 368.0
211.0 367.0
211.0 366.0
211.0 365.0
211.0 364.0
211.0 363.0
211.0 362.0
211.0 361.0
211.0 360.0
211.0 359.0
211.0 358.0
211.0 357.0
212.0 367.0
212.0 366.0
212.0 365.0
212.0 364.0
212.0 363.0
212.0 362.0
212.0 361.0
212.0 360.0
212.0 359.0
212.0 358.0
212.0 357.0
212.0 356.0
213.0 367.0
213.0 366.0
213.0 365.0
213.0 364.0
213.0 363.0
213.0 362.0
213.0 361.0
213.0 360.0
213.0 359.0
213.0 358.0
213.0 357.0
213.0 356.0
213.0 355.0
214.0 366.0
214.0 365.0
214.0 364.0
214.0 363.0
214.0 362.0
214.0 361.0
214.0 360.0
214.0 359.0
214.0 358.0
214.0 357.0
214.0 356.0
214.0 355.0
214.0 354.0
215.0 365.0
215.0 364.0
215.0 363.0
215.0 362.0
215.0 361.0
215.0 360.0
215.0 359.0
215.0 358.0
215.0 357.0
215.0 356.0
215.0 355.0
215.0 354.0
216.0 364.0
216.0 363.0
216.0 362.0
216.0 361.0
216.0 360.0
216.0 359.0
216.0 358.0
216.0 357.0
216.0 356.0
216.0 355.0
216.0 354.0
216.0 353.0
217.0 364.0
217.0 363.0
217.0 362.0
217.0 361.0
217.0 360.0
217.0 359.0
217.0 358.0
217.0 357.0
217.0 356.0
217.0 355.0
217.0 354.0
217.0 353.0
217.0 352.0
218.0 363.0
218.0 362.0
218.0 361.0
218.0 360.0
218.0 359.0
218.0 358.0
218.0 357.0
218.0 356.0
218.0 355.0
218.0 354.0
218.0 353.0
218.0 352.0
218.0 351.0
219.0 362.0
219.0 361.0
219.0 360.0
219.0 359.0
219.0 358.0
219.0 357.0
219.0 356.0
219.0 355.0
219.0 354.0
219.0 353.0
219.0 352.0
219.0 351.0
220.0 361.0
220.0 360.0
220.0 359.0
220.0 358.0
220.0 357.0
220.0 356.0
220.0 355.0
220.0 354.0
220.0 353.0
220.0 352.0
220.0 351.0
220.0 350.0
221.0 361.0
221.0 360.0
221.0 359.0
221.0 358.0
221.0 357.0
221.0 356.0
221.0 355.0
221.0 354.0
221.0 353.0
221.0 352.0
221.0 351.0
221.0 350.0
221.0 349.0
222.0 360.0
222.0 359.0
222.0 358.0
222.0 357.0
222.0 356.0
222.0 355.0
222.0 354.0
222.0 353.0
222.0 352.0
222.0 351.0
222.0 350.0
222.0 349.0
222.0 348.0
223.0 359.0
223.0 358.0
223.0 357.0
223.0 356.0
223.0 355.0
223.0 354.0
223.0 353.0
223.0 352.0
223.0 351.0
223.0 350.0
223.0 349.0
223.0 348.0
224.0 358.0
224.0 357.0
224.0 356.0
224.0 355.0
224.0 354.0
224.0 353.0
224.0 352.0
224.0 351.0
224.0 350.0
224.0 349.0
224.0 348.0
224.0 347.0
225.0 357.0
225.0 356.0
225.0 355.0
225.0 354.0
225.0 353.0
225.0 352.0
225.0 351.0
225.0 350.0
225.0 349.0
225.0 348.0
225.0 347.0
225.0 346.0
226.0 357.0
226.0 356.0
226.0 355.0
226.0 354.0
226.0 353.0
226.0 352.0
226.0 351.0
226.0 350.0
226.0 349.0
226.0 348.0
226.0 347.0
226.0 346.0
226.0 345.0
227.0 356.0
227.0 355.0
227.0 354.0
227.0 353.0
227.0 352.0
227.0 351.0
227.0 350.0
227.0 349.0
227.0 348.0
227.0 347.0
227.0 346.0
227.0 345.0
228.0 355.0
228.0 354.0
228.0 353.0
228.0 352.0
228.0 351.0
228.0 350.0
228.0 349.0
228.0 348.0
228.0 347.0
228.0 346.0
228.0 345.0
228.0 344.0
229.0 354.0
229.0 353.0
229.0 352.0
229.0 351.0
229.0 350.0
229.0 349.0
229.0 348.0
229.0 347.0
229.0 346.0
229.0 345.0
229.0 344.0
229.0 343.0
230.0 354.0
230.0 353.0
230.0 352.0
230.0 351.0
230.0 350.0
230.0 349.0
230.0 348.0
230.0 347.0
230.0 346.0
230.0 345.0
230.0 344.0
230.0 343.0
230.0 342.0
231.0 353.0
231.0 352.0
231.0 351.0
231.0 350.0
231.0 349.0
231.0 348.0
231.0 347.0
231.0 346.0
231.0 345.0
231.0 344.0
231.0 343.0
231.0 342.0
232.0 353.0
232.0 352.0
232.0 351.0
232.0 350.0
232.0 349.0
232.0 348.0
232.0 347.0
232.0 346.0
232.0 345.0
232.0 344.0
232.0 343.0
232.0 342.0
232.0 341.0
233.0 352.0
233.0 351.0
233.0 350.0
233.0 349.0
233.0 348.0
233.0 347.0
233.0 346.0
233.0 345.0
233.0 344.0
233.0 343.0
233.0 342.0
233.0 341.0
233.0 340.0
234.0 351.0
234.0 350.0
234.0 349.0
234.0 348.0
234.0 347.0
234.0 346.0
234.0 345.0
234.0 344.0
234.0 343.0
234.0 342.0
234.0 341.0
234.0 340.0
234.0 339.0
235.0 350.0
235.0 349.0
235.0 348.0
235.0 347.0
235.0 346.0
235.0 345.0
235.0 344.0
235.0 343.0
235.0 342.0
235.0 341.0
235.0 340.0
235.0 339.0
236.0 350.0
236.0 349.0
236.0 348.0
236.0 347.0
236.0 346.0
236.0 345.0
236.0 344.0
236.0 343.0
236.0 342.0
236.0 341.0
236.0 340.0
236.0 339.0
236.0 338.0
237.0 349.0
237.0 348.0
237.0 347.0
237.0 346.0
237.0 345.0
237.0 344.0
237.0 343.0
237.0 342.0
237.0 341.0
237.0 340.0
237.0 339.0
237.0 338.0
237.0 337.0
238.0 348.0
238.0 347.0
238.0 346.0
238.0 345.0
238.0 344.0
238.0 343.0
238.0 342.0
238.0 341.0
238.0 340.0
238.0 339.0
238.0 338.0
238.0 337.0
238.0 336.0
239.0 347.0
239.0 346.0
239.0 345.0
239.0 344.0
239.0 343.0
239.0 342.0
239.0 341.0
239.0 340.0
239.0 339.0
239.0 338.0
239.0 337.0
239.0 336.0
240.0 347.0
240.0 346.0
240.0 345.0
240.0 344.0
240.0 343.0
240.0 342.0
240.0 341.0
240.0 340.0
240.0 339.0
240.0 338.0
240.0 337.0
240.0 336.0
240.0 335.0
241.0 346.0
241.0 345.0
241.0 344.0
241.0 343.0
241.0 342.0
241.0 341.0
241.0 340.0
241.0 339.0
241.0 338.0
241.0 337.0
241.0 336.0
241.0 335.0
241.0 334.0
242.0 345.0
242.0 344.0
242.0 343.0
242.0 342.0
242.0 341.0
242.0 340.0
242.0 339.0
242.0 338.0
242.0 337.0
242.0 336.0
242.0 335.0
242.0 334.0
242.0 333.0
243.0 344.0
243.0 343.0
243.0 342.0
243.0 341.0
243.0 340.0
243.0 339.0
243.0 338.0
243.0 337.0
243.0 336.0
243.0 335.0
243.0 334.0
243.0 333.0
243.0 332.0
244.0 344.0
244.0 343.0
244.0 342.0
244.0 341.0
244.0 340.0
244.0 339.0
244.0 338.0
244.0 337.0
244.0 336.0
244.0 335.0
244.0 334.0
244.0 333.0
244.0 332.0
245.0 343.0
245.0 342.0
245.0 341.0
245.0 340.0
245.0 339.0
245.0 338.0
245.0 337.0
245.0 336.0
245.0 335.0
245.0 334.0
245.0 333.0
245.0 332.0
245.0 331.0
246.0 342.0
246.0 341.0
246.0 340.0
246.0 339.0
246.0 338.0
246.0 337.0
246.0 336.0
246.0 335.0
246.0 334.0
246.0 333.0
246.0 332.0
246.0 331.0
246.0 330.0
247.0 341.0
247.0 340.0
247.0 339.0
247.0 338.0
247.0 337.0
247.0 336.0
247.0 335.0
247.0 334.0
247.0 333.0
247.0 332.0
247.0 331.0
247.0 330.0
247.0 329.0
248.0 340.0
248.0 339.0
248.0 338.0
248.0 337.0
248.0 336.0
248.0 335.0
248.0 334.0
248.0 333.0
248.0 332.0
248.0 331.0
248.0 330.0
248.0 329.0
248.0 328.0
249.0 340.0
249.0 339.0
249.0 338.0
249.0 337.0
249.0 336.0
249.0 335.0
249.0 334.0
249.0 333.0
249.0 332.0
249.0 331.0
249.0 330.0
249.0 329.0
249.0 328.0
249.0 327.0
250.0 339.0
250.0 338.0
250.0 337.0
250.0 336.0
250.0 335.0
250.0 334.0
250.0 333.0
250.0 332.0
250.0 331.0
250.0 330.0
250.0 329.0
250.0 328.0
250.0 327.0
250.0 326.0
251.0 338.0
251.0 337.0
251.0 336.0
251.0 335.0
251.0 334.0
251.0 333.0
251.0 332.0
251.0 331.0
251.0 330.0
251.0 329.0
251.0 328.0
251.0 327.0
251.0 326.0
252.0 337.0
252.0 336.0
252.0 335.0
252.0 334.0
252.0 333.0
252.0 332.0
252.0 331.0
252.0 330.0
252.0 329.0
252.0 328.0
252.0 327.0
252.0 326.0
253.0 337.0
253.0 336.0
253.0 335.0
253.0 334.0
253.0 333.0
253.0 332.0
253.0 331.0
253.0 330.0
253.0 329.0
253.0 328.0
253.0 327.0
253.0 326.0
253.0 325.0
254.0 336.0
254.0 335.0
254.0 334.0
254.0 333.0
254.0 332.0
254.0 331.0
254.0 330.0
254.0 329.0
254.0 328.0
254.0 327.0
254.0 326.0
254.0 325.0
254.0 324.0
255.0 335.0
255.0 334.0
255.0 333.0
255.0 332.0
255.0 331.0
255.0 330.0
255.0 329.0
255.0 328.0
255.0 327.0
255.0 326.0
255.0 325.0
255.0 324.0
255.0 323.0
256.0 334.0
256.0 333.0
256.0 332.0
256.0 331.0
256.0 330.0
256.0 329.0
256.0 328.0
256.0 327.0
256.0 326.0
256.0 325.0
256.0 324.0
256.0 323.0
256.0 322.0
257.0 333.0
257.0 332.0
257.0 331.0
257.0 330.0
257.0 329.0
257.0 328.0
257.0 327.0
257.0 326.0
257.0 325.0
257.0 324.0
257.0 323.0
257.0 322.0
258.0 333.0
258.0 332.0
258.0 331.0
258.0 330.0
258.0 329.0
258.0 328.0
258.0 327.0
258.0 326.0
258.0 325.0
258.0 324.0
258.0 323.0
258.0 322.0
258.0 321.0
259.0 332.0
259.0 331.0
259.0 330.0
259.0 329.0
259.0 328.0
259.0 327.0
259.0 326.0
259.0 325.0
259.0 324.0
259.0 323.0
259.0 322.0
259.0 321.0
259.0 320.0
260.0 331.0
260.0 330.0
260.0 329.0
260.0 328.0
260.0 327.0
260.0 326.0
260.0 325.0
260.0 324.0
260.0 323.0
260.0 322.0
260.0 321.0
260.0 320.0
260.0 319.0
261.0 330.0
261.0 329.0
261.0 328.0
261.0 327.0
261.0 326.0
261.0 325.0
261.0 324.0
261.0 323.0
261.0 322.0
261.0 321.0
261.0 320.0
261.0 319.0
262.0 330.0
262.0 329.0
262.0 328.0
262.0 327.0
262.0 326.0
262.0 325.0
262.0 324.0
262.0 323.0
262.0 322.0
262.0 321.0
262.0 320.0
262.0 319.0
262.0 318.0
263.0 329.0
263.0 328.0
263.0 327.0
263.0 326.0
263.0 325.0
263.0 324.0
263.0 323.0
263.0 322.0
263.0 321.0
263.0 320.0
263.0 319.0
263.0 318.0
263.0 317.0
264.0 328.0
264.0 327.0
264.0 326.0
264.0 325.0
264.0 324.0
264.0 323.0
264.0 322.0
264.0 321.0
264.0 320.0
264.0 319.0
264.0 318.0
264.0 317.0
264.0 316.0
265.0 327.0
265.0 326.0
265.0 325.0
265.0 324.0
265.0 323.0
265.0 322.0
265.0 321.0
265.0 320.0
265.0 319.0
265.0 318.0
265.0 317.0
265.0 316.0
265.0 315.0
266.0 327.0
266.0 326.0
266.0 325.0
266.0 324.0
266.0 323.0
266.0 322.0
266.0 321.0
266.0 320.0
266.0 319.0
266.0 318.0
266.0 317.0
266.0 316.0
266.0 315.0
267.0 326.0
267.0 325.0
267.0 324.0
267.0 323.0
267.0 322.0
267.0 321.0
267.0 320.0
267.0 319.0
267.0 318.0
267.0 317.0
267.0 316.0
267.0 315.0
267.0 314.0
268.0 325.0
268.0 324.0
268.0 323.0
268.0 322.0
268.0 321.0
268.0 320.0
268.0 319.0
268.0 318.0
268.0 317.0
268.0 316.0
268.0 315.0
268.0 314.0
268.0 313.0
269.0 324.0
269.0 323.0
269.0 322.0
269.0 321.0
269.0 320.0
269.0 319.0
269.0 318.0
269.0 317.0
269.0 316.0
269.0 315.0
269.0 314.0
269.0 313.0
269.0 312.0
270.0 323.0
270.0 322.0
270.0 321.0
270.0 320.0
270.0 319.0
270.0 318.0
270.0 317.0
270.0 316.0
270.0 315.0
270.0 314.0
270.0 313.0
270.0 312.0
271.0 323.0
271.0 322.0
271.0 321.0
271.0 320.0
271.0 319.0
271.0 318.0
271.0 317.0
271.0 316.0
271.0 315.0
271.0 314.0
271.0 313.0
271.0 312.0
271.0 311.0
272.0 322.0
272.0 321.0
272.0 320.0
272.0 319.0
272.0 318.0
272.0 317.0
272.0 316.0
272.0 315.0
272.0 314.0
272.0 313.0
272.0 312.0
272.0 311.0
272.0 310.0
273.0 321.0
273.0 320.0
273.0 319.0
273.0 318.0
273.0 317.0
273.0 316.0
273.0 315.0
273.0 314.0
273.0 313.0
273.0 312.0
273.0 311.0
273.0 310.0
273.0 309.0
274.0 320.0
274.0 319.0
274.0 318.0
274.0 317.0
274.0 316.0
274.0 315.0
274.0 314.0
274.0 313.0
274.0 312.0
274.0 311.0
274.0 310.0
274.0 309.0
275.0 320.0
275.0 319.0
275.0 318.0
275.0 317.0
275.0 316.0
275.0 315.0
275.0 314.0
275.0 313.0
275.0 312.0
275.0 311.0
275.0 310.0
275.0 309.0
275.0 308.0
276.0 319.0
276.0 318.0
276.0 317.0
276.0 316.0
276.0 315.0
276.0 314.0
276.0 313.0
276.0 312.0
276.0 311.0
276.0 310.0
276.0 309.0
276.0 308.0
276.0 307.0
277.0 318.0
277.0 317.0
277.0 316.0
277.0 315.0
277.0 314.0
277.0 313.0
277.0 312.0
277.0 311.0
277.0 310.0
277.0 309.0
277.0 308.0
277.0 307.0
277.0 306.0
278.0 317.0
278.0 316.0
278.0 315.0
278.0 314.0
278.0 313.0
278.0 312.0
278.0 311.0
278.0 310.0
278.0 309.0
278.0 308.0
278.0 307.0
278.0 306.0
279.0 316.0
279.0 315.0
279.0 314.0
279.0 313.0
279.0 312.0
279.0 311.0
279.0 310.0
279.0 309.0
279.0 308.0
279.0 307.0
279.0 306.0
279.0 305.0
280.0 316.0
280.0 315.0
280.0 314.0
280.0 313.0
280.0 312.0
280.0 311.0
280.0 310.0
280.0 309.0
280.0 308.0
280.0 307.0
280.0 306.0
280.0 305.0
280.0 304.0
281.0 315.0
281.0 314.0
281.0 313.0
281.0 312.0
281.0 311.0
281.0 310.0
281.0 309.0
281.0 308.0
281.0 307.0
281.0 306.0
281.0 305.0
281.0 304.0
281.0 303.0
282.0 314.0
282.0 313.0
282.0 312.0
282.0 311.0
282.0 310.0
282.0 309.0
282.0 308.0
282.0 307.0
282.0 306.0
282.0 305.0
282.0 304.0
282.0 303.0
282.0 302.0
283.0 314.0
283.0 313.0
283.0 312.0
283.0 311.0
283.0 310.0
283.0 309.0
283.0 308.0
283.0 307.0
283.0 306.0
283.0 305.0
283.0 304.0
283.0 303.0
283.0 302.0
284.0 313.0
284.0 312.0
284.0 311.0
284.0 310.0
284.0 309.0
284.0 308.0
284.0 307.0
284.0 306.0
284.0 305.0
284.0 304.0
284.0 303.0
284.0 302.0
284.0 301.0
285.0 312.0
285.0 311.0
285.0 310.0
285.0 309.0
285.0 308.0
285.0 307.0
285.0 306.0
285.0 305.0
285.0 304.0
285.0 303.0
285.0 302.0
285.0 301.0
285.0 300.0
286.0 311.0
286.0 310.0
286.0 309.0
286.0 308.0
286.0 307.0
286.0 306.0
286.0 305.0
286.0 304.0
286.0 303.0
286.0 302.0
286.0 301.0
286.0 300.0
287.0 310.0
287.0 309.0
287.0 308.0
287.0 307.0
287.0 306.0
287.0 305.0
287.0 304.0
287.0 303.0
287.0 302.0
287.0 301.0
287.0 300.0
287.0 299.0
288.0 310.0
288.0 309.0
288.0 308.0
288.0 307.0
288.0 306.0
288.0 305.0
288.0 304.0
288.0 303.0
288.0 302.0
288.0 301.0
288.0 300.0
288.0 299.0
288.0 298.0
289.0 309.0
289.0 308.0
289.0 307.0
289.0 306.0
289.0 305.0
289.0 304.0
289.0 303.0
289.0 302.0
289.0 301.0
289.0 300.0
289.0 299.0
289.0 298.0
289.0 297.0
290.0 308.0
290.0 307.0
290.0 306.0
290.0 305.0
290.0 304.0
290.0 303.0
290.0 302.0
290.0 301.0
290.0 300.0
290.0 299.0
290.0 298.0
290.0 297.0
291.0 308.0
291.0 307.0
291.0 306.0
291.0 305.0
291.0 304.0
291.0 303.0
291.0 302.0
291.0 301.0
291.0 300.0
291.0 299.0
291.0 298.0
291.0 297.0
291.0 296.0
292.0 307.0
292.0 306.0
292.0 305.0
292.0 304.0
292.0 303.0
292.0 302.0
292.0 301.0
292.0 300.0
292.0 299.0
292.0 298.0
292.0 297.0
292.0 296.0
292.0 295.0
293.0 306.0
293.0 305.0
293.0 304.0
293.0 303.0
293.0 302.0
293.0 301.0
293.0 300.0
293.0 299.0
293.0 298.0
293.0 297.0
293.0 296.0
293.0 295.0
293.0 294.0
294.0 306.0
294.0 305.0
294.0 304.0
294.0 303.0
294.0 302.0
294.0 301.0
294.0 300.0
294.0 299.0
294.0 298.0
294.0 297.0
294.0 296.0
294.0 295.0
294.0 294.0
295.0 305.0
295.0 304.0
295.0 303.0
295.0 302.0
295.0 301.0
295.0 300.0
295.0 299.0
295.0 298.0
295.0 297.0
295.0 296.0
295.0 295.0
295.0 294.0
295.0 293.0
296.0 304.0
296.0 303.0
296.0 302.0
296.0 301.0
296.0 300.0
296.0 299.0
296.0 298.0
296.0 297.0
296.0 296.0
296.0 295.0
296.0 294.0
296.0 293.0
296.0 292.0
297.0 303.0
297.0 302.0
297.0 301.0
297.0 300.0
297.0 299.0
297.0 298.0
297.0 297.0
297.0 296.0
297.0 295.0
297.0 294.0
297.0 293.0
297.0 292.0
297.0 291.0
298.0 303.0
298.0 302.0
298.0 301.0
298.0 300.0
298.0 299.0
298.0 298.0
298.0 297.0
298.0 296.0
298.0 295.0
298.0 294.0
298.0 293.0
298.0 292.0
298.0 291.0
299.0 302.0
299.0 301.0
299.0 300.0
299.0 299.0
299.0 298.0
299.0 297.0
299.0 296.0
299.0 295.0
299.0 294.0
299.0 293.0
299.0 292.0
299.0 291.0
299.0 290.0
300.0 301.0
300.0 300.0
300.0 299.0
300.0 298.0
300.0 297.0
300.0 296.0
300.0 295.0
300.0 294.0
300.0 293.0
300.0 292.0
300.0 291.0
300.0 290.0
300.0 289.0
301.0 300.0
301.0 299.0
301.0 298.0
301.0 297.0
301.0 296.0
301.0 295.0
301.0 294.0
301.0 293.0
301.0 292.0
301.0 291.0
301.0 290.0
301.0 289.0
301.0 288.0
302.0 299.0
302.0 298.0
302.0 297.0
302.0 296.0
302.0 295.0
302.0 294.0
302.0 293.0
302.0 292.0
302.0 291.0
302.0 290.0
302.0 289.0
302.0 288.0
303.0 299.0
303.0 298.0
303.0 297.0
303.0 296.0
303.0 295.0
303.0 294.0
303.0 293.0
303.0 292.0
303.0 291.0
303.0 290.0
303.0 289.0
303.0 288.0
303.0 287.0
304.0 298.0
304.0 297.0
304.0 296.0
304.0 295.0
304.0 294.0
304.0 293.0
304.0 292.0
304.0 291.0
304.0 290.0
304.0 289.0
304.0 288.0
304.0 287.0
304.0 286.0
305.0 297.0
305.0 296.0
305.0 295.0
305.0 294.0
305.0 293.0
305.0 292.0
305.0 291.0
305.0 290.0
305.0 289.0
305.0 288.0
305.0 287.0
305.0 286.0
306.0 297.0
306.0 296.0
306.0 295.0
306.0 294.0
306.0 293.0
306.0 292.0
306.0 291.0
306.0 290.0
306.0 289.0
306.0 288.0
306.0 287.0
306.0 286.0
306.0 285.0
307.0 296.0
307.0 295.0
307.0 294.0
307.0 293.0
307.0 292.0
307.0 291.0
307.0 290.0
307.0 289.0
307.0 288.0
307.0 287.0
307.0 286.0
307.0 285.0
307.0 284.0
308.0 295.0
308.0 294.0
308.0 293.0
308.0 292.0
308.0 291.0
308.0 290.0
308.0 289.0
308.0 288.0
308.0 287.0
308.0 286.0
308.0 285.0
308.0 284.0
308.0 283.0
309.0 295.0
309.0 294.0
309.0 293.0
309.0 292.0
309.0 291.0
309.0 290.0
309.0 289.0
309.0 288.0
309.0 287.0
309.0 286.0
309.0 285.0
309.0 284.0
309.0 283.0
309.0 282.0
310.0 294.0
310.0 293.0
310.0 292.0
310.0 291.0
310.0 290.0
310.0 289.0
310.0 288.0
310.0 287.0
310.0 286.0
310.0 285.0
310.0 284.0
310.0 283.0
310.0 282.0
311.0 293.0
311.0 292.0
311.0 291.0
311.0 290.0
311.0 289.0
311.0 288.0
311.0 287.0
311.0 286.0
311.0 285.0
311.0 284.0
311.0 283.0
311.0 282.0
311.0 281.0
312.0 292.0
312.0 291.0
312.0 290.0
312.0 289.0
312.0 288.0
312.0 287.0
312.0 286.0
312.0 285.0
312.0 284.0
312.0 283.0
312.0 282.0
312.0 281.0
312.0 280.0
313.0 291.0
313.0 290.0
313.0 289.0
313.0 288.0
313.0 287.0
313.0 286.0
313.0 285.0
313.0 284.0
313.0 283.0
313.0 282.0
313.0 281.0
313.0 280.0
313.0 279.0
314.0 291.0
314.0 290.0
314.0 289.0
314.0 288.0
314.0 287.0
314.0 286.0
314.0 285.0
314.0 284.0
314.0 283.0
314.0 282.0
314.0 281.0
314.0 280.0
314.0 279.0
315.0 290.0
315.0 289.0
315.0 288.0
315.0 287.0
315.0 286.0
315.0 285.0
315.0 284.0
315.0 283.0
315.0 282.0
315.0 281.0
315.0 280.0
315.0 279.0
315.0 278.0
316.0 289.0
316.0 288.0
316.0 287.0
316.0 286.0
316.0 285.0
316.0 284.0
316.0 283.0
316.0 282.0
316.0 281.0
316.0 280.0
316.0 279.0
316.0 278.0
316.0 277.0
317.0 288.0
317.0 287.0
317.0 286.0
317.0 285.0
317.0 284.0
317.0 283.0
317.0 282.0
317.0 281.0
317.0 280.0
317.0 279.0
317.0 278.0
317.0 277.0
317.0 276.0
318.0 288.0
318.0 287.0
318.0 286.0
318.0 285.0
318.0 284.0
318.0 283.0
318.0 282.0
318.0 281.0
318.0 280.0
318.0 279.0
318.0 278.0
318.0 277.0
318.0 276.0
319.0 287.0
319.0 286.0
319.0 285.0
319.0 284.0
319.0 283.0
319.0 282.0
319.0 281.0
319.0 280.0
319.0 279.0
319.0 278.0
319.0 277.0
319.0 276.0
319.0 275.0
320.0 286.0
320.0 285.0
320.0 284.0
320.0 283.0
320.0 282.0
320.0 281.0
320.0 280.0
320.0 279.0
320.0 278.0
320.0 277.0
320.0 276.0
320.0 275.0
320.0 274.0
321.0 285.0
321.0 284.0
321.0 283.0
321.0 282.0
321.0 281.0
321.0 280.0
321.0 279.0
321.0 278.0
321.0 277.0
321.0 276.0
321.0 275.0
321.0 274.0
322.0 285.0
322.0 284.0
322.0 283.0
322.0 282.0
322.0 281.0
322.0 280.0
322.0 279.0
322.0 278.0
322.0 277.0
322.0 276.0
322.0 275.0
322.0 274.0
322.0 273.0
323.0 284.0
323.0 283.0
323.0 282.0
323.0 281.0
323.0 280.0
323.0 279.0
323.0 278.0
323.0 277.0
323.0 276.0
323.0 275.0
323.0 274.0
323.0 273.0
323.0 272.0
324.0 283.0
324.0 282.0
324.0 281.0
324.0 280.0
324.0 279.0
324.0 278.0
324.0 277.0
324.0 276.0
324.0 275.0
324.0 274.0
324.0 273.0
324.0 272.0
324.0 271.0
325.0 283.0
325.0 282.0
325.0 281.0
325.0 280.0
325.0 279.0
325.0 278.0
325.0 277.0
325.0 276.0
325.0 275.0
325.0 274.0
325.0 273.0
325.0 272.0
325.0 271.0
325.0 270.0
326.0 282.0
326.0 281.0
326.0 280.0
326.0 279.0
326.0 278.0
326.0 277.0
326.0 276.0
326.0 275.0
326.0 274.0
326.0 273.0
326.0 272.0
326.0 271.0
326.0 270.0
327.0 281.0
327.0 280.0
327.0 279.0
327.0 278.0
327.0 277.0
327.0 276.0
327.0 275.0
327.0 274.0
327.0 273.0
327.0 272.0
327.0 271.0
327.0 270.0
327.0 269.0
328.0 280.0
328.0 279.0
328.0 278.0
328.0 277.0
328.0 276.0
328.0 275.0
328.0 274.0
328.0 273.0
328.0 272.0
328.0 271.0
328.0 270.0
328.0 269.0
328.0 268.0
329.0 280.0
329.0 279.0
329.0 278.0
329.0 277.0
329.0 276.0
329.0 275.0
329.0 274.0
329.0 273.0
329.0 272.0
329.0 271.0
329.0 270.0
329.0 269.0
329.0 268.0
330.0 279.0
330.0 278.0
330.0 277.0
330.0 276.0
330.0 275.0
330.0 274.0
330.0 273.0
330.0 272.0
330.0 271.0
330.0 270.0
330.0 269.0
330.0 268.0
330.0 267.0
331.0 278.0
331.0 277.0
331.0 276.0
331.0 275.0
331.0 274.0
331.0 273.0
331.0 272.0
331.0 271.0
331.0 270.0
331.0 269.0
331.0 268.0
331.0 267.0
331.0 266.0
332.0 277.0
332.0 276.0
332.0 275.0
332.0 274.0
332.0 273.0
332.0 272.0
332.0 271.0
332.0 270.0
332.0 269.0
332.0 268.0
332.0 267.0
332.0 266.0
332.0 265.0
333.0 277.0
333.0 276.0
333.0 275.0
333.0 274.0
333.0 273.0
333.0 272.0
333.0 271.0
333.0 270.0
333.0 269.0
333.0 268.0
333.0 267.0
333.0 266.0
333.0 265.0
334.0 276.0
334.0 275.0
334.0 274.0
334.0 273.0
334.0 272.0
334.0 271.0
334.0 270.0
334.0 269.0
334.0 268.0
334.0 267.0
334.0 266.0
334.0 265.0
334.0 264.0
335.0 275.0
335.0 274.0
335.0 273.0
335.0 272.0
335.0 271.0
335.0 270.0
335.0 269.0
335.0 268.0
335.0 267.0
335.0 266.0
335.0 265.0
335.0 264.0
335.0 263.0
336.0 275.0
336.0 274.0
336.0 273.0
336.0 272.0
336.0 271.0
336.0 270.0
336.0 269.0
336.0 268.0
336.0 267.0
336.0 266.0
336.0 265.0
336.0 264.0
336.0 263.0
336.0 262.0
337.0 274.0
337.0 273.0
337.0 272.0
337.0 271.0
337.0 270.0
337.0 269.0
337.0 268.0
337.0 267.0
337.0 266.0
337.0 265.0
337.0 264.0
337.0 263.0
337.0 262.0
337.0 261.0
338.0 273.0
338.0 272.0
338.0 271.0
338.0 270.0
338.0 269.0
338.0 268.0
338.0 267.0
338.0 266.0
338.0 265.0
338.0 264.0
338.0 263.0
338.0 262.0
338.0 261.0
338.0 260.0
339.0 272.0
339.0 271.0
339.0 270.0
339.0 269.0
339.0 268.0
339.0 267.0
339.0 266.0
339.0 265.0
339.0 264.0
339.0 263.0
339.0 262.0
339.0 261.0
339.0 260.0
340.0 272.0
340.0 271.0
340.0 270.0
340.0 269.0
340.0 268.0
340.0 267.0
340.0 266.0
340.0 265.0
340.0 264.0
340.0 263.0
340.0 262.0
340.0 261.0
340.0 260.0
340.0 259.0
341.0 271.0
341.0 270.0
341.0 269.0
341.0 268.0
341.0 267.0
341.0 266.0
341.0 265.0
341.0 264.0
341.0 263.0
341.0 262.0
341.0 261.0
341.0 260.0
341.0 259.0
341.0 258.0
342.0 270.0
342.0 269.0
342.0 268.0
342.0 267.0
342.0 266.0
342.0 265.0
342.0 264.0
342.0 263.0
342.0 262.0
342.0 261.0
342.0 260.0
342.0 259.0
342.0 258.0
342.0 257.0
343.0 270.0
343.0 269.0
343.0 268.0
343.0 267.0
343.0 266.0
343.0 265.0
343.0 264.0
343.0 263.0
343.0 262.0
343.0 261.0
343.0 260.0
343.0 259.0
343.0 258.0
343.0 257.0
344.0 269.0
344.0 268.0
344.0 267.0
344.0 266.0
344.0 265.0
344.0 264.0
344.0 263.0
344.0 262.0
344.0 261.0
344.0 260.0
344.0 259.0
344.0 258.0
344.0 257.0
344.0 256.0
345.0 268.0
345.0 267.0
345.0 266.0
345.0 265.0
345.0 264.0
345.0 263.0
345.0 262.0
345.0 261.0
345.0 260.0
345.0 259.0
345.0 258.0
345.0 257.0
345.0 256.0
345.0 255.0
346.0 267.0
346.0 266.0
346.0 265.0
346.0 264.0
346.0 263.0
346.0 262.0
346.0 261.0
346.0 260.0
346.0 259.0
346.0 258.0
346.0 257.0
346.0 256.0
346.0 255.0
346.0 254.0
347.0 266.0
347.0 265.0
347.0 264.0
347.0 263.0
347.0 262.0
347.0 261.0
347.0 260.0
347.0 259.0
347.0 258.0
347.0 257.0
347.0 256.0
347.0 255.0
347.0 254.0
348.0 265.0
348.0 264.0
348.0 263.0
348.0 262.0
348.0 261.0
348.0 260.0
348.0 259.0
348.0 258.0
348.0 257.0
348.0 256.0
348.0 255.0
348.0 254.0
348.0 253.0
349.0 264.0
349.0 263.0
349.0 262.0
349.0 261.0
349.0 260.0
349.0 259.0
349.0 258.0
349.0 257.0
349.0 256.0
349.0 255.0
349.0 254.0
349.0 253.0
350.0 263.0
350.0 262.0
350.0 261.0
350.0 260.0
350.0 259.0
350.0 258.0
350.0 257.0
350.0 256.0
350.0 255.0
350.0 254.0
350.0 253.0
350.0 252.0
351.0 263.0
351.0 262.0
351.0 261.0
351.0 260.0
351.0 259.0
351.0 258.0
351.0 257.0
351.0 256.0
351.0 255.0
351.0 254.0
351.0 253.0
351.0 252.0
351.0 251.0
352.0 262.0
352.0 261.0
352.0 260.0
352.0 259.0
352.0 258.0
352.0 257.0
352.0 256.0
352.0 255.0
352.0 254.0
352.0 253.0
352.0 252.0
352.0 251.0
353.0 261.0
353.0 260.0
353.0 259.0
353.0 258.0
353.0 257.0
353.0 256.0
353.0 255.0
353.0 254.0
353.0 253.0
353.0 252.0
353.0 251.0
353.0 250.0
354.0 260.0
354.0 259.0
354.0 258.0
354.0 257.0
354.0 256.0
354.0 255.0
354.0 254.0
354.0 253.0
354.0 252.0
354.0 251.0
354.0 250.0
354.0 249.0
355.0 260.0
355.0 259.0
355.0 258.0
355.0 257.0
355.0 256.0
355.0 255.0
355.0 254.0
355.0 253.0
355.0 252.0
355.0 251.0
355.0 250.0
355.0 249.0
356.0 259.0
356.0 258.0
356.0 257.0
356.0 256.0
356.0 255.0
356.0 254.0
356.0 253.0
356.0 252.0
356.0 251.0
356.0 250.0
356.0 249.0
356.0 248.0
357.0 258.0
357.0 257.0
357.0 256.0
357.0 255.0
357.0 254.0
357.0 253.0
357.0 252.0
357.0 251.0
357.0 250.0
357.0 249.0
357.0 248.0
358.0 257.0
358.0 256.0
358.0 255.0
358.0 254.0
358.0 253.0
358.0 252.0
358.0 251.0
358.0 250.0
358.0 249.0
358.0 248.0
358.0 247.0
359.0 257.0
359.0 256.0
359.0 255.0
359.0 254.0
359.0 253.0
359.0 252.0
359.0 251.0
359.0 250.0
359.0 249.0
359.0 248.0
359.0 247.0
359.0 246.0
360.0 256.0
360.0 255.0
360.0 254.0
360.0 253.0
360.0 252.0
360.0 251.0
360.0 250.0
360.0 249.0
360.0 248.0
360.0 247.0
360.0 246.0
361.0 255.0
361.0 254.0
361.0 253.0
361.0 252.0
361.0 251.0
361.0 250.0
361.0 249.0
361.0 248.0
361.0 247.0
361.0 246.0
361.0 245.0
362.0 254.0
362.0 253.0
362.0 252.0
362.0 251.0
362.0 250.0
362.0 249.0
362.0 248.0
362.0 247.0
362.0 246.0
362.0 245.0
363.0 253.0
363.0 252.0
363.0 251.0
363.0 250.0
363.0 249.0
363.0 248.0
363.0 247.0
363.0 246.0
363.0 245.0
363.0 244.0
364.0 252.0
364.0 251.0
364.0 250.0
364.0 249.0
364.0 248.0
364.0 247.0
364.0 246.0
364.0 245.0
364.0 244.0
364.0 243.0
365.0 251.0
365.0 250.0
365.0 249.0
365.0 248.0
365.0 247.0
365.0 246.0
365.0 245.0
365.0 244.0
365.0 243.0
366.0 251.0
366.0 250.0
366.0 249.0
366.0 248.0
366.0 247.0
366.0 246.0
366.0 245.0
366.0 244.0
366.0 243.0
366.0 242.0
367.0 250.0
367.0 249.0
367.0 248.0
367.0 247.0
367.0 246.0
367.0 245.0
367.0 244.0
367.0 243.0
367.0 242.0
368.0 249.0
368.0 248.0
368.0 247.0
368.0 246.0
368.0 245.0
368.0 244.0
368.0 243.0
368.0 242.0
368.0 241.0
369.0 248.0
369.0 247.0
369.0 246.0
369.0 245.0
369.0 244.0
369.0 243.0
369.0 242.0
369.0 241.0
369.0 240.0
370.0 247.0
370.0 246.0
370.0 245.0
370.0 244.0
370.0 243.0
370.0 242.0
370.0 241.0
370.0 240.0
371.0 246.0
371.0 245.0
371.0 244.0
371.0 243.0
371.0 242.0
371.0 241.0
371.0 240.0
371.0 239.0
372.0 245.0
372.0 244.0
372.0 243.0
372.0 242.0
372.0 241.0
372.0 240.0
372.0 239.0
373.0 245.0
373.0 244.0
373.0 243.0
373.0 242.0
373.0 241.0
373.0 240.0
373.0 239.0
373.0 238.0
374.0 244.0
374.0 243.0
374.0 242.0
374.0 241.0
374.0 240.0
374.0 239.0
374.0 238.0
375.0 243.0
375.0 242.0
375.0 241.0
375.0 240.0
375.0 239.0
376.0 242.0
376.0 241.0
376.0 240.0
