220.0 138.0
220.0 137.0
220.0 136.0
220.0 135.0
220.0 134.0
220.0 133.0
220.0 132.0
220.0 131.0
221.0 143.0
221.0 142.0
221.0 141.0
221.0 140.0
221.0 139.0
221.0 138.0
221.0 137.0
221.0 136.0
221.0 135.0
221.0 134.0
221.0 133.0
221.0 132.0
221.0 131.0
221.0 130.0
221.0 129.0
221.0 128.0
221.0 127.0
221.0 126.0
222.0 147.0
222.0 146.0
222.0 145.0
222.0 144.0
222.0 143.0
222.0 142.0
222.0 141.0
222.0 140.0
222.0 139.0
222.0 138.0
222.0 137.0
222.0 136.0
222.0 135.0
222.0 134.0
222.0 133.0
222.0 132.0
222.0 131.0
222.0 130.0
222.0 129.0
222.0 128.0
222.0 127.0
222.0 126.0
222.0 125.0
222.0 124.0
222.0 123.0
223.0 149.0
223.0 148.0
223.0 147.0
223.0 146.0
223.0 145.0
223.0 144.0
223.0 143.0
223.0 142.0
223.0 141.0
223.0 140.0
223.0 139.0
223.0 138.0
223.0 137.0
223.0 136.0
223.0 135.0
223.0 134.0
223.0 133.0
223.0 132.0
223.0 131.0
223.0 130.0
223.0 129.0
223.0 128.0
223.0 127.0
223.0 126.0
223.0 125.0
223.0 124.0
223.0 123.0
223.0 122.0
223.0 121.0
224.0 151.0
224.0 150.0
224.0 149.0
224.0 148.0
224.0 147.0
224.0 146.0
224.0 145.0
224.0 144.0
224.0 143.0
224.0 142.0
224.0 141.0
224.0 140.0
224.0 139.0
224.0 138.0
224.0 137.0
224.0 136.0
224.0 135.0
224.0 134.0
224.0 133.0
224.0 132.0
224.0 131.0
224.0 130.0
224.0 129.0
224.0 128.0
224.0 127.0
224.0 126.0
224.0 125.0
224.0 124.0
224.0 123.0
224.0 122.0
224.0 121.0
224.0 120.0
224.0 119.0
225.0 153.0
225.0 152.0
225.0 151.0
225.0 150.0
225.0 149.0
225.0 148.0
225.0 147.0
225.0 146.0
225.0 145.0
225.0 144.0
225.0 143.0
225.0 142.0
225.0 141.0
225.0 140.0
225.0 139.0
225.0 138.0
225.0 137.0
225.0 136.0
225.0 135.0
225.0 134.0
225.0 133.0
225.0 132.0
225.0 131.0
225.0 130.0
225.0 129.0
225.0 128.0
225.0 127.0
225.0 126.0
225.0 125.0
225.0 124.0
225.0 123.0
225.0 122.0
225.0 121.0
225.0 120.0
225.0 119.0
225.0 118.0
226.0 155.0
226.0 154.0
226.0 153.0
226.0 152.0
226.0 151.0
226.0 150.0
226.0 149.0
226.0 148.0
226.0 147.0
226.0 146.0
226.0 145.0
226.0 144.0
226.0 143.0
226.0 142.0
226.0 141.0
226.0 140.0
226.0 139.0
226.0 138.0
226.0 137.0
226.0 136.0
226.0 135.0
226.0 134.0
226.0 133.0
226.0 132.0
226.0 131.0
226.0 130.0
226.0 129.0
226.0 128.0
226.0 127.0
226.0 126.0
226.0 125.0
226.0 124.0
226.0 123.0
226.0 122.0
226.0 121.0
226.0 120.0
226.0 119.0
226.0 118.0
226.0 117.0
226.0 116.0
227.0 156.0
227.0 155.0
227.0 154.0
227.0 153.0
227.0 152.0
227.0 151.0
227.0 150.0
227.0 149.0
227.0 148.0
227.0 147.0
227.0 146.0
227.0 145.0
227.0 144.0
227.0 143.0
227.0 142.0
227.0 141.0
227.0 140.0
227.0 139.0
227.0 138.0
227.0 137.0
227.0 136.0
227.0 135.0
227.0 134.0
227.0 133.0
227.0 132.0
227.0 131.0
227.0 130.0
227.0 129.0
227.0 128.0
227.0 127.0
227.0 126.0
227.0 125.0
227.0 124.0
227.0 123.0
227.0 122.0
227.0 121.0
227.0 120.0
227.0 119.0
227.0 118.0
227.0 117.0
227.0 116.0
227.0 115.0
228.0 158.0
228.0 157.0
228.0 156.0
228.0 155.0
228.0 154.0
228.0 153.0
228.0 152.0
228.0 151.0
228.0 150.0
228.0 149.0
228.0 148.0
228.0 147.0
228.0 146.0
228.0 145.0
228.0 144.0
228.0 143.0
228.0 142.0
228.0 141.0
228.0 140.0
228.0 139.0
228.0 138.0
228.0 137.0
228.0 136.0
228.0 135.0
228.0 134.0
228.0 133.0
228.0 132.0
228.0 131.0
228.0 130.0
228.0 129.0
228.0 128.0
228.0 127.0
228.0 126.0
228.0 125.0
228.0 124.0
228.0 123.0
228.0 122.0
228.0 121.0
228.0 120.0
228.0 119.0
228.0 118.0
228.0 117.0
228.0 116.0
228.0 115.0
228.0 114.0
229.0 159.0
229.0 158.0
229.0 157.0
229.0 156.0
229.0 155.0
229.0 154.0
229.0 153.0
229.0 152.0
229.0 151.0
229.0 150.0
229.0 149.0
229.0 148.0
229.0 147.0
229.0 146.0
229.0 145.0
229.0 144.0
229.0 143.0
229.0 142.0
229.0 141.0
229.0 140.0
229.0 139.0
229.0 138.0
229.0 137.0
229.0 136.0
229.0 135.0
229.0 134.0
229.0 133.0
229.0 132.0
229.0 131.0
229.0 130.0
229.0 129.0
229.0 128.0
229.0 127.0
229.0 126.0
229.0 125.0
229.0 124.0
229.0 123.0
229.0 122.0
229.0 121.0
229.0 120.0
229.0 119.0
229.0 118.0
229.0 117.0
229.0 116.0
229.0 115.0
229.0 114.0
229.0 113.0
230.0 160.0
230.0 159.0
230.0 158.0
230.0 157.0
230.0 156.0
230.0 155.0
230.0 154.0
230.0 153.0
230.0 152.0
230.0 151.0
230.0 150.0
230.0 149.0
230.0 148.0
230.0 147.0
230.0 146.0
230.0 145.0
230.0 144.0
230.0 143.0
230.0 142.0
230.0 141.0
230.0 140.0
230.0 139.0
230.0 138.0
230.0 137.0
230.0 136.0
230.0 135.0
230.0 134.0
230.0 133.0
230.0 132.0
230.0 131.0
230.0 130.0
230.0 129.0
230.0 128.0
230.0 127.0
230.0 126.0
230.0 125.0
230.0 124.0
230.0 123.0
230.0 122.0
230.0 121.0
230.0 120.0
230.0 119.0
230.0 118.0
230.0 117.0
230.0 116.0
230.0 115.0
230.0 114.0
230.0 113.0
230.0 112.0
231.0 161.0
231.0 160.0
231.0 159.0
231.0 158.0
231.0 157.0
231.0 156.0
231.0 155.0
231.0 154.0
231.0 153.0
231.0 152.0
231.0 151.0
231.0 150.0
231.0 149.0
231.0 148.0
231.0 147.0
231.0 146.0
231.0 145.0
231.0 144.0
231.0 143.0
231.0 142.0
231.0 141.0
231.0 140.0
231.0 139.0
231.0 138.0
231.0 137.0
231.0 136.0
231.0 135.0
231.0 134.0
231.0 133.0
231.0 132.0
231.0 131.0
231.0 130.0
231.0 129.0
231.0 128.0
231.0 127.0
231.0 126.0
231.0 125.0
231.0 124.0
231.0 123.0
231.0 122.0
231.0 121.0
231.0 120.0
231.0 119.0
231.0 118.0
231.0 117.0
231.0 116.0
231.0 115.0
231.0 114.0
231.0 113.0
231.0 112.0
231.0 111.0
232.0 161.0
232.0 160.0
232.0 159.0
232.0 158.0
232.0 157.0
232.0 156.0
232.0 155.0
232.0 154.0
232.0 153.0
232.0 152.0
232.0 151.0
232.0 150.0
232.0 149.0
232.0 148.0
232.0 147.0
232.0 146.0
232.0 145.0
232.0 144.0
232.0 143.0
232.0 142.0
232.0 141.0
232.0 140.0
232.0 139.0
232.0 138.0
232.0 137.0
232.0 136.0
232.0 135.0
232.0 134.0
232.0 133.0
232.0 132.0
232.0 131.0
232.0 130.0
232.0 129.0
232.0 128.0
232.0 127.0
232.0 126.0
232.0 125.0
232.0 124.0
232.0 123.0
232.0 122.0
232.0 121.0
232.0 120.0
232.0 119.0
232.0 118.0
232.0 117.0
232.0 116.0
232.0 115.0
232.0 114.0
232.0 113.0
232.0 112.0
232.0 111.0
233.0 162.0
233.0 161.0
233.0 160.0
233.0 159.0
233.0 158.0
233.0 157.0
233.0 156.0
233.0 155.0
233.0 154.0
233.0 153.0
233.0 152.0
233.0 151.0
233.0 150.0
233.0 149.0
233.0 148.0
233.0 147.0
233.0 146.0
233.0 145.0
233.0 144.0
233.0 143.0
233.0 142.0
233.0 141.0
233.0 140.0
233.0 139.0
233.0 138.0
233.0 137.0
233.0 136.0
233.0 135.0
233.0 134.0
233.0 133.0
233.0 132.0
233.0 131.0
233.0 130.0
233.0 129.0
233.0 128.0
233.0 127.0
233.0 126.0
233.0 124.0
233.0 123.0
233.0 122.0
233.0 121.0
233.0 120.0
233.0 119.0
233.0 118.0
233.0 117.0
233.0 116.0
233.0 115.0
233.0 114.0
233.0 113.0
233.0 112.0
233.0 111.0
233.0 110.0
234.0 163.0
234.0 162.0
234.0 161.0
234.0 160.0
234.0 159.0
234.0 158.0
234.0 157.0
234.0 156.0
234.0 155.0
234.0 154.0
234.0 153.0
234.0 152.0
234.0 151.0
234.0 150.0
234.0 149.0
234.0 148.0
234.0 147.0
234.0 146.0
234.0 145.0
234.0 144.0
234.0 143.0
234.0 142.0
234.0 141.0
234.0 140.0
234.0 139.0
234.0 138.0
234.0 137.0
234.0 136.0
234.0 135.0
234.0 134.0
234.0 133.0
234.0 132.0
234.0 131.0
234.0 130.0
234.0 129.0
234.0 128.0
234.0 127.0
234.0 126.0
234.0 125.0
234.0 124.0
234.0 123.0
234.0 122.0
234.0 121.0
234.0 120.0
234.0 119.0
234.0 118.0
234.0 117.0
234.0 116.0
234.0 115.0
234.0 114.0
234.0 113.0
234.0 112.0
234.0 111.0
234.0 110.0
234.0 109.0
235.0 163.0
235.0 162.0
235.0 161.0
235.0 160.0
235.0 159.0
235.0 158.0
235.0 157.0
235.0 156.0
235.0 155.0
235.0 154.0
235.0 153.0
235.0 152.0
235.0 151.0
235.0 150.0
235.0 149.0
235.0 148.0
235.0 147.0
235.0 146.0
235.0 145.0
235.0 144.0
235.0 143.0
235.0 142.0
235.0 141.0
235.0 140.0
235.0 139.0
235.0 138.0
235.0 137.0
235.0 136.0
235.0 135.0
235.0 134.0
235.0 133.0
235.0 132.0
235.0 131.0
235.0 130.0
235.0 129.0
235.0 128.0
235.0 127.0
235.0 126.0
235.0 125.0
235.0 124.0
235.0 123.0
235.0 122.0
235.0 121.0
235.0 120.0
235.0 119.0
235.0 118.0
235.0 117.0
235.0 116.0
235.0 115.0
235.0 114.0
235.0 113.0
235.0 112.0
235.0 111.0
235.0 110.0
235.0 109.0
236.0 164.0
236.0 163.0
236.0 162.0
236.0 161.0
236.0 160.0
236.0 159.0
236.0 158.0
236.0 157.0
236.0 156.0
236.0 155.0
236.0 154.0
236.0 153.0
236.0 152.0
236.0 151.0
236.0 150.0
236.0 149.0
236.0 148.0
236.0 147.0
236.0 146.0
236.0 145.0
236.0 144.0
236.0 143.0
236.0 142.0
236.0 141.0
236.0 140.0
236.0 139.0
236.0 138.0
236.0 137.0
236.0 136.0
236.0 135.0
236.0 134.0
236.0 133.0
236.0 132.0
236.0 131.0
236.0 130.0
236.0 129.0
236.0 128.0
236.0 127.0
236.0 126.0
236.0 125.0
236.0 124.0
236.0 123.0
236.0 122.0
236.0 121.0
236.0 120.0
236.0 119.0
236.0 118.0
236.0 117.0
236.0 116.0
236.0 115.0
236.0 114.0
236.0 113.0
236.0 112.0
236.0 111.0
236.0 110.0
236.0 109.0
236.0 108.0
237.0 165.0
237.0 164.0
237.0 163.0
237.0 162.0
237.0 161.0
237.0 160.0
237.0 159.0
237.0 158.0
237.0 157.0
237.0 156.0
237.0 155.0
237.0 154.0
237.0 153.0
237.0 152.0
237.0 151.0
237.0 150.0
237.0 149.0
237.0 148.0
237.0 147.0
237.0 146.0
237.0 145.0
237.0 144.0
237.0 143.0
237.0 142.0
237.0 141.0
237.0 140.0
237.0 139.0
237.0 138.0
237.0 137.0
237.0 136.0
237.0 135.0
237.0 134.0
237.0 133.0
237.0 132.0
237.0 131.0
237.0 130.0
237.0 129.0
237.0 128.0
237.0 127.0
237.0 126.0
237.0 125.0
237.0 124.0
237.0 123.0
237.0 122.0
237.0 121.0
237.0 120.0
237.0 119.0
237.0 118.0
237.0 117.0
237.0 116.0
237.0 115.0
237.0 114.0
237.0 112.0
237.0 111.0
237.0 110.0
237.0 109.0
237.0 108.0
238.0 165.0
238.0 164.0
238.0 163.0
238.0 162.0
238.0 161.0
238.0 160.0
238.0 159.0
238.0 158.0
238.0 157.0
238.0 156.0
238.0 155.0
238.0 154.0
238.0 153.0
238.0 152.0
238.0 151.0
238.0 150.0
238.0 149.0
238.0 148.0
238.0 147.0
238.0 146.0
238.0 145.0
238.0 144.0
238.0 143.0
238.0 142.0
238.0 141.0
238.0 140.0
238.0 139.0
238.0 138.0
238.0 137.0
238.0 136.0
238.0 135.0
238.0 134.0
238.0 133.0
238.0 132.0
238.0 131.0
238.0 129.0
238.0 128.0
238.0 127.0
238.0 126.0
238.0 125.0
238.0 124.0
238.0 123.0
238.0 122.0
238.0 121.0
238.0 120.0
238.0 119.0
238.0 118.0
238.0 117.0
238.0 116.0
238.0 115.0
238.0 114.0
238.0 113.0
238.0 111.0
238.0 110.0
238.0 109.0
238.0 108.0
238.0 107.0
239.0 166.0
239.0 165.0
239.0 164.0
239.0 163.0
239.0 162.0
239.0 161.0
239.0 160.0
239.0 159.0
239.0 158.0
239.0 157.0
239.0 156.0
239.0 155.0
239.0 154.0
239.0 153.0
239.0 152.0
239.0 151.0
239.0 150.0
239.0 149.0
239.0 147.0
239.0 146.0
239.0 145.0
239.0 144.0
239.0 143.0
239.0 142.0
239.0 141.0
239.0 140.0
239.0 139.0
239.0 138.0
239.0 137.0
239.0 136.0
239.0 135.0
239.0 134.0
239.0 133.0
239.0 132.0
239.0 131.0
239.0 130.0
239.0 129.0
239.0 128.0
239.0 127.0
239.0 126.0
239.0 125.0
239.0 124.0
239.0 123.0
239.0 122.0
239.0 121.0
239.0 120.0
239.0 119.0
239.0 118.0
239.0 117.0
239.0 116.0
239.0 115.0
239.0 114.0
239.0 113.0
239.0 111.0
239.0 110.0
239.0 109.0
239.0 108.0
239.0 107.0
240.0 166.0
240.0 165.0
240.0 164.0
240.0 163.0
240.0 162.0
240.0 161.0
240.0 160.0
240.0 159.0
240.0 158.0
240.0 157.0
240.0 156.0
240.0 155.0
240.0 154.0
240.0 153.0
240.0 152.0
240.0 151.0
240.0 150.0
240.0 149.0
240.0 147.0
240.0 146.0
240.0 145.0
240.0 144.0
240.0 143.0
240.0 142.0
240.0 141.0
240.0 140.0
240.0 139.0
240.0 138.0
240.0 137.0
240.0 136.0
240.0 135.0
240.0 134.0
240.0 133.0
240.0 132.0
240.0 131.0
240.0 130.0
240.0 129.0
240.0 128.0
240.0 127.0
240.0 126.0
240.0 125.0
240.0 124.0
240.0 123.0
240.0 122.0
240.0 121.0
240.0 120.0
240.0 119.0
240.0 118.0
240.0 117.0
240.0 116.0
240.0 115.0
240.0 114.0
240.0 113.0
240.0 110.0
240.0 109.0
240.0 108.0
240.0 107.0
240.0 106.0
241.0 166.0
241.0 165.0
241.0 164.0
241.0 163.0
241.0 162.0
241.0 161.0
241.0 160.0
241.0 159.0
241.0 158.0
241.0 157.0
241.0 156.0
241.0 155.0
241.0 154.0
241.0 153.0
241.0 152.0
241.0 151.0
241.0 150.0
241.0 149.0
241.0 148.0
241.0 147.0
241.0 146.0
241.0 145.0
241.0 144.0
241.0 143.0
241.0 142.0
241.0 141.0
241.0 140.0
241.0 139.0
241.0 138.0
241.0 137.0
241.0 136.0
241.0 135.0
241.0 134.0
241.0 133.0
241.0 132.0
241.0 131.0
241.0 130.0
241.0 129.0
241.0 128.0
241.0 127.0
241.0 126.0
241.0 125.0
241.0 123.0
241.0 122.0
241.0 121.0
241.0 120.0
241.0 119.0
241.0 118.0
241.0 117.0
241.0 116.0
241.0 115.0
241.0 114.0
241.0 113.0
241.0 112.0
241.0 110.0
241.0 109.0
241.0 108.0
241.0 107.0
241.0 106.0
242.0 167.0
242.0 166.0
242.0 165.0
242.0 164.0
242.0 163.0
242.0 162.0
242.0 161.0
242.0 160.0
242.0 159.0
242.0 158.0
242.0 157.0
242.0 156.0
242.0 155.0
242.0 152.0
242.0 151.0
242.0 150.0
242.0 149.0
242.0 148.0
242.0 147.0
242.0 146.0
242.0 145.0
242.0 144.0
242.0 143.0
242.0 142.0
242.0 141.0
242.0 140.0
242.0 139.0
242.0 138.0
242.0 137.0
242.0 136.0
242.0 135.0
242.0 134.0
242.0 133.0
242.0 132.0
242.0 131.0
242.0 130.0
242.0 129.0
242.0 128.0
242.0 127.0
242.0 126.0
242.0 125.0
242.0 123.0
242.0 122.0
242.0 121.0
242.0 120.0
242.0 119.0
242.0 118.0
242.0 117.0
242.0 116.0
242.0 115.0
242.0 114.0
242.0 113.0
242.0 112.0
242.0 110.0
242.0 109.0
242.0 108.0
242.0 107.0
242.0 106.0
243.0 167.0
243.0 166.0
243.0 165.0
243.0 164.0
243.0 163.0
243.0 162.0
243.0 161.0
243.0 160.0
243.0 159.0
243.0 158.0
243.0 157.0
243.0 156.0
243.0 155.0
243.0 154.0
243.0 153.0
243.0 152.0
243.0 151.0
243.0 150.0
243.0 149.0
243.0 148.0
243.0 147.0
243.0 146.0
243.0 145.0
243.0 144.0
243.0 143.0
243.0 142.0
243.0 141.0
243.0 140.0
243.0 139.0
243.0 138.0
243.0 137.0
243.0 136.0
243.0 135.0
243.0 134.0
243.0 133.0
243.0 132.0
243.0 131.0
243.0 130.0
243.0 129.0
243.0 128.0
243.0 127.0
243.0 126.0
243.0 125.0
243.0 124.0
243.0 123.0
243.0 122.0
243.0 121.0
243.0 120.0
243.0 119.0
243.0 118.0
243.0 117.0
243.0 116.0
243.0 115.0
243.0 114.0
243.0 113.0
243.0 112.0
243.0 109.0
243.0 108.0
243.0 107.0
243.0 106.0
243.0 105.0
244.0 167.0
244.0 166.0
244.0 165.0
244.0 164.0
244.0 163.0
244.0 162.0
244.0 161.0
244.0 160.0
244.0 159.0
244.0 158.0
244.0 157.0
244.0 156.0
244.0 155.0
244.0 154.0
244.0 153.0
244.0 152.0
244.0 151.0
244.0 150.0
244.0 149.0
244.0 148.0
244.0 147.0
244.0 146.0
244.0 145.0
244.0 144.0
244.0 143.0
244.0 142.0
244.0 141.0
244.0 140.0
244.0 139.0
244.0 138.0
244.0 137.0
244.0 136.0
244.0 135.0
244.0 134.0
244.0 133.0
244.0 132.0
244.0 131.0
244.0 130.0
244.0 129.0
244.0 128.0
244.0 127.0
244.0 126.0
244.0 125.0
244.0 124.0
244.0 123.0
244.0 122.0
244.0 121.0
244.0 120.0
244.0 119.0
244.0 118.0
244.0 117.0
244.0 116.0
244.0 115.0
244.0 114.0
244.0 113.0
244.0 112.0
244.0 111.0
244.0 109.0
244.0 108.0
244.0 107.0
244.0 106.0
244.0 105.0
245.0 167.0
245.0 166.0
245.0 165.0
245.0 164.0
245.0 163.0
245.0 162.0
245.0 161.0
245.0 160.0
245.0 159.0
245.0 158.0
245.0 157.0
245.0 156.0
245.0 154.0
245.0 153.0
245.0 152.0
245.0 151.0
245.0 150.0
245.0 149.0
245.0 148.0
245.0 147.0
245.0 146.0
245.0 145.0
245.0 144.0
245.0 143.0
245.0 142.0
245.0 141.0
245.0 140.0
245.0 139.0
245.0 138.0
245.0 137.0
245.0 136.0
245.0 135.0
245.0 134.0
245.0 133.0
245.0 132.0
245.0 131.0
245.0 130.0
245.0 129.0
245.0 128.0
245.0 127.0
245.0 126.0
245.0 125.0
245.0 124.0
245.0 123.0
245.0 122.0
245.0 121.0
245.0 120.0
245.0 119.0
245.0 118.0
245.0 117.0
245.0 116.0
245.0 115.0
245.0 114.0
245.0 113.0
245.0 112.0
245.0 111.0
245.0 109.0
245.0 108.0
245.0 107.0
245.0 106.0
245.0 105.0
246.0 167.0
246.0 166.0
246.0 165.0
246.0 164.0
246.0 163.0
246.0 162.0
246.0 161.0
246.0 160.0
246.0 159.0
246.0 158.0
246.0 157.0
246.0 156.0
246.0 155.0
246.0 154.0
246.0 153.0
246.0 152.0
246.0 151.0
246.0 150.0
246.0 149.0
246.0 148.0
246.0 147.0
246.0 146.0
246.0 145.0
246.0 144.0
246.0 143.0
246.0 142.0
246.0 141.0
246.0 140.0
246.0 139.0
246.0 138.0
246.0 137.0
246.0 136.0
246.0 135.0
246.0 134.0
246.0 133.0
246.0 132.0
246.0 131.0
246.0 130.0
246.0 129.0
246.0 128.0
246.0 127.0
246.0 126.0
246.0 125.0
246.0 124.0
246.0 123.0
246.0 122.0
246.0 121.0
246.0 120.0
246.0 119.0
246.0 118.0
246.0 117.0
246.0 116.0
246.0 115.0
246.0 114.0
246.0 113.0
246.0 112.0
246.0 111.0
246.0 109.0
246.0 108.0
246.0 107.0
246.0 106.0
246.0 105.0
247.0 168.0
247.0 167.0
247.0 166.0
247.0 165.0
247.0 164.0
247.0 163.0
247.0 162.0
247.0 161.0
247.0 160.0
247.0 159.0
247.0 158.0
247.0 157.0
247.0 155.0
247.0 154.0
247.0 153.0
247.0 152.0
247.0 151.0
247.0 150.0
247.0 148.0
247.0 147.0
247.0 146.0
247.0 145.0
247.0 144.0
247.0 143.0
247.0 142.0
247.0 141.0
247.0 140.0
247.0 139.0
247.0 138.0
247.0 137.0
247.0 136.0
247.0 135.0
247.0 134.0
247.0 133.0
247.0 132.0
247.0 131.0
247.0 130.0
247.0 129.0
247.0 128.0
247.0 127.0
247.0 126.0
247.0 125.0
247.0 124.0
247.0 123.0
247.0 122.0
247.0 121.0
247.0 120.0
247.0 119.0
247.0 118.0
247.0 117.0
247.0 116.0
247.0 115.0
247.0 114.0
247.0 113.0
247.0 112.0
247.0 111.0
247.0 110.0
247.0 109.0
247.0 108.0
247.0 107.0
247.0 106.0
247.0 105.0
248.0 168.0
248.0 167.0
248.0 166.0
248.0 165.0
248.0 164.0
248.0 163.0
248.0 162.0
248.0 161.0
248.0 160.0
248.0 159.0
248.0 158.0
248.0 157.0
248.0 156.0
248.0 155.0
248.0 154.0
248.0 153.0
248.0 152.0
248.0 151.0
248.0 150.0
248.0 149.0
248.0 148.0
248.0 147.0
248.0 146.0
248.0 145.0
248.0 144.0
248.0 143.0
248.0 142.0
248.0 141.0
248.0 140.0
248.0 139.0
248.0 138.0
248.0 137.0
248.0 136.0
248.0 135.0
248.0 134.0
248.0 133.0
248.0 132.0
248.0 131.0
248.0 130.0
248.0 129.0
248.0 128.0
248.0 127.0
248.0 126.0
248.0 125.0
248.0 124.0
248.0 123.0
248.0 122.0
248.0 121.0
248.0 120.0
248.0 119.0
248.0 118.0
248.0 117.0
248.0 116.0
248.0 115.0
248.0 114.0
248.0 113.0
248.0 112.0
248.0 111.0
248.0 110.0
248.0 109.0
248.0 108.0
248.0 107.0
248.0 106.0
248.0 105.0
249.0 168.0
249.0 167.0
249.0 166.0
249.0 165.0
249.0 164.0
249.0 163.0
249.0 162.0
249.0 161.0
249.0 160.0
249.0 159.0
249.0 158.0
249.0 157.0
249.0 156.0
249.0 155.0
249.0 154.0
249.0 153.0
249.0 152.0
249.0 151.0
249.0 150.0
249.0 149.0
249.0 148.0
249.0 147.0
249.0 146.0
249.0 145.0
249.0 144.0
249.0 143.0
249.0 141.0
249.0 140.0
249.0 139.0
249.0 138.0
249.0 137.0
249.0 136.0
249.0 135.0
249.0 134.0
249.0 133.0
249.0 132.0
249.0 131.0
249.0 130.0
249.0 129.0
249.0 128.0
249.0 127.0
249.0 126.0
249.0 125.0
249.0 124.0
249.0 123.0
249.0 122.0
249.0 121.0
249.0 120.0
249.0 119.0
249.0 118.0
249.0 117.0
249.0 116.0
249.0 115.0
249.0 114.0
249.0 113.0
249.0 112.0
249.0 111.0
249.0 110.0
249.0 109.0
249.0 108.0
249.0 107.0
249.0 106.0
249.0 105.0
250.0 168.0
250.0 167.0
250.0 166.0
250.0 165.0
250.0 164.0
250.0 163.0
250.0 162.0
250.0 161.0
250.0 160.0
250.0 159.0
250.0 158.0
250.0 157.0
250.0 156.0
250.0 155.0
250.0 154.0
250.0 153.0
250.0 152.0
250.0 151.0
250.0 150.0
250.0 149.0
250.0 148.0
250.0 147.0
250.0 146.0
250.0 145.0
250.0 144.0
250.0 143.0
250.0 142.0
250.0 141.0
250.0 140.0
250.0 139.0
250.0 138.0
250.0 137.0
250.0 136.0
250.0 135.0
250.0 134.0
250.0 133.0
250.0 132.0
250.0 131.0
250.0 130.0
250.0 129.0
250.0 128.0
250.0 127.0
250.0 126.0
250.0 125.0
250.0 124.0
250.0 123.0
250.0 122.0
250.0 121.0
250.0 120.0
250.0 119.0
250.0 118.0
250.0 117.0
250.0 116.0
250.0 115.0
250.0 114.0
250.0 113.0
250.0 112.0
250.0 111.0
250.0 110.0
250.0 109.0
250.0 108.0
250.0 107.0
250.0 106.0
250.0 105.0
251.0 168.0
251.0 167.0
251.0 166.0
251.0 165.0
251.0 164.0
251.0 163.0
251.0 162.0
251.0 161.0
251.0 160.0
251.0 159.0
251.0 158.0
251.0 157.0
251.0 156.0
251.0 155.0
251.0 154.0
251.0 153.0
251.0 152.0
251.0 151.0
251.0 150.0
251.0 149.0
251.0 148.0
251.0 147.0
251.0 146.0
251.0 145.0
251.0 144.0
251.0 143.0
251.0 142.0
251.0 141.0
251.0 140.0
251.0 139.0
251.0 138.0
251.0 137.0
251.0 136.0
251.0 135.0
251.0 134.0
251.0 133.0
251.0 132.0
251.0 131.0
251.0 130.0
251.0 129.0
251.0 128.0
251.0 127.0
251.0 126.0
251.0 125.0
251.0 124.0
251.0 123.0
251.0 122.0
251.0 121.0
251.0 120.0
251.0 119.0
251.0 118.0
251.0 117.0
251.0 116.0
251.0 115.0
251.0 114.0
251.0 113.0
251.0 112.0
251.0 111.0
251.0 110.0
251.0 109.0
251.0 108.0
251.0 107.0
251.0 106.0
251.0 105.0
252.0 168.0
252.0 167.0
252.0 166.0
252.0 165.0
252.0 164.0
252.0 163.0
252.0 162.0
252.0 161.0
252.0 160.0
252.0 159.0
252.0 158.0
252.0 157.0
252.0 156.0
252.0 155.0
252.0 154.0
252.0 153.0
252.0 152.0
252.0 151.0
252.0 150.0
252.0 149.0
252.0 148.0
252.0 147.0
252.0 146.0
252.0 143.0
252.0 142.0
252.0 141.0
252.0 140.0
252.0 139.0
252.0 138.0
252.0 137.0
252.0 136.0
252.0 135.0
252.0 134.0
252.0 133.0
252.0 132.0
252.0 131.0
252.0 130.0
252.0 129.0
252.0 128.0
252.0 127.0
252.0 126.0
252.0 125.0
252.0 124.0
252.0 122.0
252.0 121.0
252.0 120.0
252.0 119.0
252.0 118.0
252.0 117.0
252.0 116.0
252.0 115.0
252.0 114.0
252.0 113.0
252.0 112.0
252.0 111.0
252.0 110.0
252.0 109.0
252.0 108.0
252.0 107.0
252.0 106.0
252.0 105.0
253.0 168.0
253.0 167.0
253.0 166.0
253.0 165.0
253.0 164.0
253.0 163.0
253.0 162.0
253.0 161.0
253.0 160.0
253.0 159.0
253.0 158.0
253.0 157.0
253.0 156.0
253.0 155.0
253.0 154.0
253.0 153.0
253.0 152.0
253.0 151.0
253.0 150.0
253.0 149.0
253.0 148.0
253.0 147.0
253.0 146.0
253.0 145.0
253.0 144.0
253.0 143.0
253.0 142.0
253.0 141.0
253.0 140.0
253.0 139.0
253.0 138.0
253.0 137.0
253.0 135.0
253.0 134.0
253.0 133.0
253.0 132.0
253.0 131.0
253.0 130.0
253.0 129.0
253.0 128.0
253.0 127.0
253.0 126.0
253.0 125.0
253.0 124.0
253.0 123.0
253.0 122.0
253.0 121.0
253.0 120.0
253.0 119.0
253.0 118.0
253.0 117.0
253.0 116.0
253.0 115.0
253.0 114.0
253.0 113.0
253.0 112.0
253.0 111.0
253.0 110.0
253.0 109.0
253.0 108.0
253.0 107.0
253.0 106.0
253.0 105.0
254.0 167.0
254.0 166.0
254.0 165.0
254.0 164.0
254.0 162.0
254.0 161.0
254.0 160.0
254.0 159.0
254.0 158.0
254.0 157.0
254.0 156.0
254.0 155.0
254.0 154.0
254.0 153.0
254.0 152.0
254.0 151.0
254.0 150.0
254.0 149.0
254.0 148.0
254.0 147.0
254.0 146.0
254.0 145.0
254.0 144.0
254.0 143.0
254.0 142.0
254.0 141.0
254.0 140.0
254.0 139.0
254.0 138.0
254.0 137.0
254.0 136.0
254.0 135.0
254.0 134.0
254.0 133.0
254.0 132.0
254.0 131.0
254.0 130.0
254.0 129.0
254.0 128.0
254.0 127.0
254.0 126.0
254.0 125.0
254.0 124.0
254.0 123.0
254.0 122.0
254.0 121.0
254.0 120.0
254.0 119.0
254.0 118.0
254.0 117.0
254.0 116.0
254.0 115.0
254.0 114.0
254.0 113.0
254.0 112.0
254.0 111.0
254.0 110.0
254.0 109.0
254.0 108.0
254.0 107.0
254.0 106.0
254.0 105.0
255.0 167.0
255.0 166.0
255.0 165.0
255.0 164.0
255.0 163.0
255.0 162.0
255.0 161.0
255.0 160.0
255.0 159.0
255.0 158.0
255.0 157.0
255.0 156.0
255.0 155.0
255.0 154.0
255.0 153.0
255.0 152.0
255.0 151.0
255.0 150.0
255.0 149.0
255.0 148.0
255.0 147.0
255.0 146.0
255.0 145.0
255.0 144.0
255.0 143.0
255.0 142.0
255.0 141.0
255.0 140.0
255.0 139.0
255.0 138.0
255.0 137.0
255.0 136.0
255.0 135.0
255.0 134.0
255.0 133.0
255.0 132.0
255.0 131.0
255.0 130.0
255.0 129.0
255.0 128.0
255.0 127.0
255.0 126.0
255.0 125.0
255.0 124.0
255.0 122.0
255.0 121.0
255.0 120.0
255.0 119.0
255.0 118.0
255.0 117.0
255.0 116.0
255.0 115.0
255.0 114.0
255.0 113.0
255.0 112.0
255.0 111.0
255.0 110.0
255.0 109.0
255.0 108.0
255.0 107.0
255.0 106.0
255.0 105.0
256.0 167.0
256.0 166.0
256.0 165.0
256.0 164.0
256.0 163.0
256.0 162.0
256.0 161.0
256.0 160.0
256.0 159.0
256.0 158.0
256.0 157.0
256.0 156.0
256.0 155.0
256.0 154.0
256.0 153.0
256.0 152.0
256.0 151.0
256.0 150.0
256.0 149.0
256.0 148.0
256.0 147.0
256.0 146.0
256.0 145.0
256.0 144.0
256.0 143.0
256.0 142.0
256.0 141.0
256.0 140.0
256.0 138.0
256.0 137.0
256.0 136.0
256.0 135.0
256.0 134.0
256.0 133.0
256.0 132.0
256.0 131.0
256.0 130.0
256.0 129.0
256.0 128.0
256.0 127.0
256.0 126.0
256.0 125.0
256.0 124.0
256.0 123.0
256.0 121.0
256.0 120.0
256.0 119.0
256.0 118.0
256.0 117.0
256.0 116.0
256.0 115.0
256.0 114.0
256.0 113.0
256.0 112.0
256.0 111.0
256.0 110.0
256.0 109.0
256.0 108.0
256.0 107.0
256.0 106.0
256.0 105.0
257.0 167.0
257.0 166.0
257.0 165.0
257.0 164.0
257.0 163.0
257.0 162.0
257.0 161.0
257.0 160.0
257.0 159.0
257.0 158.0
257.0 157.0
257.0 156.0
257.0 155.0
257.0 154.0
257.0 153.0
257.0 152.0
257.0 151.0
257.0 150.0
257.0 149.0
257.0 148.0
257.0 147.0
257.0 146.0
257.0 145.0
257.0 144.0
257.0 143.0
257.0 142.0
257.0 141.0
257.0 138.0
257.0 137.0
257.0 136.0
257.0 135.0
257.0 134.0
257.0 133.0
257.0 132.0
257.0 131.0
257.0 130.0
257.0 129.0
257.0 128.0
257.0 127.0
257.0 126.0
257.0 125.0
257.0 124.0
257.0 123.0
257.0 121.0
257.0 120.0
257.0 119.0
257.0 118.0
257.0 117.0
257.0 116.0
257.0 115.0
257.0 114.0
257.0 113.0
257.0 112.0
257.0 111.0
257.0 110.0
257.0 109.0
257.0 108.0
257.0 107.0
257.0 106.0
257.0 105.0
258.0 166.0
258.0 165.0
258.0 164.0
258.0 163.0
258.0 162.0
258.0 161.0
258.0 160.0
258.0 159.0
258.0 158.0
258.0 157.0
258.0 156.0
258.0 155.0
258.0 154.0
258.0 153.0
258.0 152.0
258.0 151.0
258.0 150.0
258.0 149.0
258.0 148.0
258.0 147.0
258.0 146.0
258.0 145.0
258.0 144.0
258.0 143.0
258.0 142.0
258.0 141.0
258.0 140.0
258.0 138.0
258.0 137.0
258.0 136.0
258.0 135.0
258.0 134.0
258.0 133.0
258.0 132.0
258.0 131.0
258.0 130.0
258.0 129.0
258.0 128.0
258.0 127.0
258.0 126.0
258.0 125.0
258.0 124.0
258.0 123.0
258.0 122.0
258.0 121.0
258.0 120.0
258.0 119.0
258.0 118.0
258.0 117.0
258.0 116.0
258.0 115.0
258.0 114.0
258.0 113.0
258.0 112.0
258.0 111.0
258.0 110.0
258.0 109.0
258.0 108.0
258.0 107.0
258.0 106.0
258.0 105.0
259.0 166.0
259.0 165.0
259.0 164.0
259.0 163.0
259.0 162.0
259.0 161.0
259.0 160.0
259.0 159.0
259.0 158.0
259.0 157.0
259.0 156.0
259.0 155.0
259.0 154.0
259.0 153.0
259.0 152.0
259.0 151.0
259.0 150.0
259.0 149.0
259.0 148.0
259.0 147.0
259.0 146.0
259.0 145.0
259.0 144.0
259.0 143.0
259.0 142.0
259.0 141.0
259.0 140.0
259.0 139.0
259.0 138.0
259.0 137.0
259.0 136.0
259.0 135.0
259.0 134.0
259.0 133.0
259.0 132.0
259.0 131.0
259.0 130.0
259.0 129.0
259.0 128.0
259.0 127.0
259.0 126.0
259.0 125.0
259.0 124.0
259.0 123.0
259.0 122.0
259.0 121.0
259.0 120.0
259.0 119.0
259.0 118.0
259.0 117.0
259.0 116.0
259.0 115.0
259.0 114.0
259.0 113.0
259.0 112.0
259.0 111.0
259.0 110.0
259.0 109.0
259.0 108.0
259.0 107.0
259.0 106.0
260.0 166.0
260.0 165.0
260.0 164.0
260.0 163.0
260.0 162.0
260.0 161.0
260.0 160.0
260.0 159.0
260.0 158.0
260.0 157.0
260.0 156.0
260.0 155.0
260.0 154.0
260.0 153.0
260.0 152.0
260.0 151.0
260.0 150.0
260.0 149.0
260.0 148.0
260.0 147.0
260.0 146.0
260.0 145.0
260.0 144.0
260.0 143.0
260.0 142.0
260.0 141.0
260.0 140.0
260.0 139.0
260.0 138.0
260.0 137.0
260.0 136.0
260.0 135.0
260.0 134.0
260.0 133.0
260.0 132.0
260.0 131.0
260.0 130.0
260.0 129.0
260.0 128.0
260.0 127.0
260.0 126.0
260.0 125.0
260.0 124.0
260.0 123.0
260.0 122.0
260.0 121.0
260.0 120.0
260.0 119.0
260.0 118.0
260.0 117.0
260.0 116.0
260.0 115.0
260.0 114.0
260.0 113.0
260.0 112.0
260.0 111.0
260.0 110.0
260.0 109.0
260.0 108.0
260.0 107.0
260.0 106.0
261.0 165.0
261.0 164.0
261.0 163.0
261.0 162.0
261.0 161.0
261.0 160.0
261.0 159.0
261.0 158.0
261.0 157.0
261.0 156.0
261.0 155.0
261.0 154.0
261.0 153.0
261.0 152.0
261.0 151.0
261.0 150.0
261.0 149.0
261.0 148.0
261.0 147.0
261.0 146.0
261.0 145.0
261.0 144.0
261.0 143.0
261.0 142.0
261.0 141.0
261.0 140.0
261.0 139.0
261.0 138.0
261.0 137.0
261.0 136.0
261.0 135.0
261.0 134.0
261.0 133.0
261.0 132.0
261.0 131.0
261.0 130.0
261.0 129.0
261.0 128.0
261.0 127.0
261.0 126.0
261.0 125.0
261.0 124.0
261.0 123.0
261.0 122.0
261.0 121.0
261.0 120.0
261.0 119.0
261.0 118.0
261.0 117.0
261.0 116.0
261.0 115.0
261.0 114.0
261.0 113.0
261.0 112.0
261.0 111.0
261.0 110.0
261.0 109.0
261.0 108.0
261.0 107.0
261.0 106.0
262.0 165.0
262.0 164.0
262.0 163.0
262.0 162.0
262.0 161.0
262.0 160.0
262.0 159.0
262.0 158.0
262.0 157.0
262.0 156.0
262.0 155.0
262.0 154.0
262.0 153.0
262.0 152.0
262.0 151.0
262.0 150.0
262.0 149.0
262.0 148.0
262.0 147.0
262.0 146.0
262.0 145.0
262.0 144.0
262.0 143.0
262.0 142.0
262.0 141.0
262.0 140.0
262.0 139.0
262.0 138.0
262.0 137.0
262.0 136.0
262.0 135.0
262.0 134.0
262.0 133.0
262.0 132.0
262.0 131.0
262.0 130.0
262.0 129.0
262.0 128.0
262.0 127.0
262.0 126.0
262.0 125.0
262.0 124.0
262.0 123.0
262.0 122.0
262.0 121.0
262.0 120.0
262.0 119.0
262.0 118.0
262.0 117.0
262.0 116.0
262.0 115.0
262.0 114.0
262.0 113.0
262.0 112.0
262.0 111.0
262.0 110.0
262.0 109.0
262.0 108.0
262.0 107.0
263.0 165.0
263.0 164.0
263.0 163.0
263.0 162.0
263.0 161.0
263.0 160.0
263.0 159.0
263.0 158.0
263.0 157.0
263.0 156.0
263.0 155.0
263.0 154.0
263.0 153.0
263.0 152.0
263.0 151.0
263.0 150.0
263.0 149.0
263.0 148.0
263.0 147.0
263.0 146.0
263.0 145.0
263.0 144.0
263.0 143.0
263.0 142.0
263.0 141.0
263.0 140.0
263.0 139.0
263.0 138.0
263.0 137.0
263.0 136.0
263.0 135.0
263.0 134.0
263.0 133.0
263.0 132.0
263.0 131.0
263.0 130.0
263.0 129.0
263.0 128.0
263.0 127.0
263.0 126.0
263.0 125.0
263.0 124.0
263.0 123.0
263.0 122.0
263.0 121.0
263.0 120.0
263.0 119.0
263.0 118.0
263.0 117.0
263.0 116.0
263.0 115.0
263.0 114.0
263.0 113.0
263.0 112.0
263.0 111.0
263.0 110.0
263.0 109.0
263.0 108.0
263.0 107.0
264.0 164.0
264.0 163.0
264.0 162.0
264.0 161.0
264.0 160.0
264.0 159.0
264.0 158.0
264.0 157.0
264.0 156.0
264.0 155.0
264.0 154.0
264.0 153.0
264.0 152.0
264.0 151.0
264.0 150.0
264.0 149.0
264.0 148.0
264.0 147.0
264.0 146.0
264.0 145.0
264.0 144.0
264.0 143.0
264.0 142.0
264.0 141.0
264.0 140.0
264.0 139.0
264.0 138.0
264.0 137.0
264.0 136.0
264.0 135.0
264.0 134.0
264.0 133.0
264.0 132.0
264.0 131.0
264.0 130.0
264.0 129.0
264.0 128.0
264.0 127.0
264.0 126.0
264.0 125.0
264.0 124.0
264.0 123.0
264.0 122.0
264.0 121.0
264.0 120.0
264.0 119.0
264.0 118.0
264.0 117.0
264.0 116.0
264.0 115.0
264.0 114.0
264.0 113.0
264.0 112.0
264.0 111.0
264.0 110.0
264.0 109.0
264.0 108.0
264.0 107.0
265.0 164.0
265.0 163.0
265.0 162.0
265.0 161.0
265.0 160.0
265.0 159.0
265.0 158.0
265.0 157.0
265.0 156.0
265.0 155.0
265.0 154.0
265.0 153.0
265.0 152.0
265.0 151.0
265.0 150.0
265.0 149.0
265.0 148.0
265.0 147.0
265.0 146.0
265.0 145.0
265.0 144.0
265.0 143.0
265.0 142.0
265.0 140.0
265.0 139.0
265.0 138.0
265.0 137.0
265.0 136.0
265.0 135.0
265.0 134.0
265.0 133.0
265.0 132.0
265.0 131.0
265.0 130.0
265.0 129.0
265.0 128.0
265.0 127.0
265.0 126.0
265.0 125.0
265.0 124.0
265.0 123.0
265.0 122.0
265.0 121.0
265.0 120.0
265.0 119.0
265.0 118.0
265.0 117.0
265.0 116.0
265.0 115.0
265.0 114.0
265.0 113.0
265.0 112.0
265.0 111.0
265.0 110.0
265.0 109.0
265.0 108.0
266.0 164.0
266.0 163.0
266.0 162.0
266.0 161.0
266.0 160.0
266.0 159.0
266.0 158.0
266.0 157.0
266.0 156.0
266.0 155.0
266.0 154.0
266.0 153.0
266.0 152.0
266.0 151.0
266.0 150.0
266.0 149.0
266.0 148.0
266.0 146.0
266.0 145.0
266.0 144.0
266.0 143.0
266.0 142.0
266.0 140.0
266.0 139.0
266.0 138.0
266.0 137.0
266.0 136.0
266.0 135.0
266.0 134.0
266.0 133.0
266.0 132.0
266.0 131.0
266.0 130.0
266.0 129.0
266.0 128.0
266.0 127.0
266.0 126.0
266.0 125.0
266.0 124.0
266.0 123.0
266.0 122.0
266.0 121.0
266.0 120.0
266.0 119.0
266.0 118.0
266.0 117.0
266.0 116.0
266.0 115.0
266.0 114.0
266.0 113.0
266.0 112.0
266.0 111.0
266.0 110.0
266.0 109.0
266.0 108.0
267.0 163.0
267.0 162.0
267.0 161.0
267.0 160.0
267.0 159.0
267.0 158.0
267.0 157.0
267.0 156.0
267.0 155.0
267.0 154.0
267.0 153.0
267.0 152.0
267.0 151.0
267.0 150.0
267.0 149.0
267.0 148.0
267.0 146.0
267.0 145.0
267.0 144.0
267.0 143.0
267.0 142.0
267.0 141.0
267.0 140.0
267.0 139.0
267.0 138.0
267.0 137.0
267.0 136.0
267.0 135.0
267.0 134.0
267.0 133.0
267.0 132.0
267.0 131.0
267.0 130.0
267.0 129.0
267.0 128.0
267.0 127.0
267.0 126.0
267.0 125.0
267.0 124.0
267.0 123.0
267.0 122.0
267.0 121.0
267.0 120.0
267.0 119.0
267.0 118.0
267.0 117.0
267.0 116.0
267.0 115.0
267.0 114.0
267.0 113.0
267.0 112.0
267.0 111.0
267.0 110.0
267.0 109.0
268.0 163.0
268.0 162.0
268.0 161.0
268.0 160.0
268.0 159.0
268.0 158.0
268.0 157.0
268.0 156.0
268.0 155.0
268.0 154.0
268.0 153.0
268.0 152.0
268.0 151.0
268.0 150.0
268.0 149.0
268.0 148.0
268.0 144.0
268.0 143.0
268.0 141.0
268.0 140.0
268.0 139.0
268.0 138.0
268.0 137.0
268.0 135.0
268.0 134.0
268.0 133.0
268.0 132.0
268.0 131.0
268.0 130.0
268.0 129.0
268.0 128.0
268.0 127.0
268.0 126.0
268.0 125.0
268.0 124.0
268.0 123.0
268.0 122.0
268.0 121.0
268.0 120.0
268.0 119.0
268.0 118.0
268.0 117.0
268.0 116.0
268.0 115.0
268.0 114.0
268.0 113.0
268.0 112.0
268.0 111.0
268.0 110.0
269.0 163.0
269.0 162.0
269.0 161.0
269.0 160.0
269.0 159.0
269.0 158.0
269.0 157.0
269.0 156.0
269.0 155.0
269.0 154.0
269.0 153.0
269.0 152.0
269.0 151.0
269.0 150.0
269.0 149.0
269.0 148.0
269.0 147.0
269.0 146.0
269.0 145.0
269.0 144.0
269.0 143.0
269.0 142.0
269.0 141.0
269.0 140.0
269.0 139.0
269.0 138.0
269.0 137.0
269.0 136.0
269.0 135.0
269.0 134.0
269.0 133.0
269.0 132.0
269.0 131.0
269.0 130.0
269.0 129.0
269.0 128.0
269.0 127.0
269.0 126.0
269.0 125.0
269.0 124.0
269.0 123.0
269.0 122.0
269.0 121.0
269.0 120.0
269.0 119.0
269.0 118.0
269.0 117.0
269.0 116.0
269.0 115.0
269.0 114.0
269.0 113.0
269.0 112.0
269.0 111.0
269.0 110.0
270.0 162.0
270.0 161.0
270.0 160.0
270.0 159.0
270.0 158.0
270.0 157.0
270.0 156.0
270.0 155.0
270.0 154.0
270.0 153.0
270.0 152.0
270.0 151.0
270.0 150.0
270.0 149.0
270.0 148.0
270.0 147.0
270.0 146.0
270.0 145.0
270.0 144.0
270.0 143.0
270.0 142.0
270.0 141.0
270.0 140.0
270.0 139.0
270.0 138.0
270.0 137.0
270.0 136.0
270.0 135.0
270.0 134.0
270.0 133.0
270.0 132.0
270.0 131.0
270.0 130.0
270.0 129.0
270.0 128.0
270.0 127.0
270.0 126.0
270.0 125.0
270.0 124.0
270.0 123.0
270.0 122.0
270.0 121.0
270.0 120.0
270.0 119.0
270.0 118.0
270.0 117.0
270.0 116.0
270.0 115.0
270.0 114.0
270.0 113.0
270.0 112.0
270.0 111.0
271.0 161.0
271.0 160.0
271.0 159.0
271.0 158.0
271.0 157.0
271.0 156.0
271.0 155.0
271.0 154.0
271.0 153.0
271.0 152.0
271.0 151.0
271.0 150.0
271.0 149.0
271.0 148.0
271.0 147.0
271.0 146.0
271.0 145.0
271.0 144.0
271.0 143.0
271.0 142.0
271.0 141.0
271.0 140.0
271.0 139.0
271.0 138.0
271.0 137.0
271.0 136.0
271.0 135.0
271.0 134.0
271.0 133.0
271.0 132.0
271.0 131.0
271.0 130.0
271.0 129.0
271.0 128.0
271.0 127.0
271.0 126.0
271.0 125.0
271.0 124.0
271.0 123.0
271.0 122.0
271.0 121.0
271.0 120.0
271.0 119.0
271.0 118.0
271.0 117.0
271.0 116.0
271.0 115.0
271.0 114.0
271.0 113.0
271.0 112.0
272.0 160.0
272.0 159.0
272.0 158.0
272.0 157.0
272.0 156.0
272.0 155.0
272.0 154.0
272.0 153.0
272.0 152.0
272.0 151.0
272.0 150.0
272.0 149.0
272.0 148.0
272.0 147.0
272.0 146.0
272.0 145.0
272.0 144.0
272.0 143.0
272.0 142.0
272.0 141.0
272.0 140.0
272.0 139.0
272.0 138.0
272.0 137.0
272.0 136.0
272.0 135.0
272.0 134.0
272.0 133.0
272.0 132.0
272.0 131.0
272.0 130.0
272.0 129.0
272.0 128.0
272.0 127.0
272.0 126.0
272.0 125.0
272.0 124.0
272.0 123.0
272.0 122.0
272.0 121.0
272.0 120.0
272.0 119.0
272.0 118.0
272.0 117.0
272.0 116.0
272.0 115.0
272.0 114.0
272.0 113.0
273.0 160.0
273.0 159.0
273.0 158.0
273.0 157.0
273.0 156.0
273.0 155.0
273.0 154.0
273.0 153.0
273.0 152.0
273.0 151.0
273.0 150.0
273.0 149.0
273.0 148.0
273.0 147.0
273.0 146.0
273.0 145.0
273.0 144.0
273.0 143.0
273.0 142.0
273.0 141.0
273.0 140.0
273.0 139.0
273.0 138.0
273.0 137.0
273.0 136.0
273.0 135.0
273.0 134.0
273.0 133.0
273.0 132.0
273.0 131.0
273.0 130.0
273.0 129.0
273.0 128.0
273.0 127.0
273.0 126.0
273.0 125.0
273.0 124.0
273.0 123.0
273.0 122.0
273.0 121.0
273.0 120.0
273.0 119.0
273.0 118.0
273.0 117.0
273.0 116.0
273.0 115.0
273.0 114.0
274.0 159.0
274.0 158.0
274.0 157.0
274.0 156.0
274.0 155.0
274.0 154.0
274.0 153.0
274.0 152.0
274.0 151.0
274.0 150.0
274.0 149.0
274.0 148.0
274.0 147.0
274.0 146.0
274.0 145.0
274.0 144.0
274.0 143.0
274.0 142.0
274.0 141.0
274.0 140.0
274.0 139.0
274.0 138.0
274.0 137.0
274.0 136.0
274.0 135.0
274.0 134.0
274.0 132.0
274.0 131.0
274.0 130.0
274.0 128.0
274.0 127.0
274.0 126.0
274.0 125.0
274.0 124.0
274.0 123.0
274.0 122.0
274.0 121.0
274.0 120.0
274.0 119.0
274.0 118.0
274.0 117.0
274.0 116.0
274.0 115.0
275.0 157.0
275.0 156.0
275.0 155.0
275.0 154.0
275.0 153.0
275.0 152.0
275.0 151.0
275.0 150.0
275.0 149.0
275.0 148.0
275.0 147.0
275.0 146.0
275.0 145.0
275.0 144.0
275.0 143.0
275.0 142.0
275.0 141.0
275.0 140.0
275.0 139.0
275.0 138.0
275.0 137.0
275.0 136.0
275.0 135.0
275.0 134.0
275.0 133.0
275.0 132.0
275.0 131.0
275.0 130.0
275.0 129.0
275.0 128.0
275.0 127.0
275.0 126.0
275.0 125.0
275.0 124.0
275.0 123.0
275.0 122.0
275.0 121.0
275.0 120.0
275.0 119.0
275.0 118.0
275.0 117.0
275.0 116.0
276.0 156.0
276.0 155.0
276.0 154.0
276.0 153.0
276.0 152.0
276.0 151.0
276.0 150.0
276.0 149.0
276.0 148.0
276.0 147.0
276.0 146.0
276.0 145.0
276.0 144.0
276.0 143.0
276.0 142.0
276.0 141.0
276.0 140.0
276.0 139.0
276.0 138.0
276.0 137.0
276.0 136.0
276.0 135.0
276.0 134.0
276.0 133.0
276.0 132.0
276.0 131.0
276.0 130.0
276.0 129.0
276.0 128.0
276.0 127.0
276.0 126.0
276.0 125.0
276.0 124.0
276.0 123.0
276.0 122.0
276.0 121.0
276.0 120.0
276.0 119.0
276.0 118.0
276.0 117.0
277.0 155.0
277.0 154.0
277.0 153.0
277.0 152.0
277.0 151.0
277.0 150.0
277.0 149.0
277.0 148.0
277.0 147.0
277.0 146.0
277.0 145.0
277.0 144.0
277.0 143.0
277.0 142.0
277.0 141.0
277.0 140.0
277.0 139.0
277.0 138.0
277.0 137.0
277.0 136.0
277.0 135.0
277.0 134.0
277.0 133.0
277.0 132.0
277.0 131.0
277.0 130.0
277.0 129.0
277.0 128.0
277.0 127.0
277.0 126.0
277.0 125.0
277.0 124.0
277.0 123.0
277.0 122.0
277.0 121.0
277.0 120.0
277.0 119.0
278.0 153.0
278.0 152.0
278.0 151.0
278.0 150.0
278.0 149.0
278.0 148.0
278.0 147.0
278.0 146.0
278.0 145.0
278.0 144.0
278.0 143.0
278.0 142.0
278.0 141.0
278.0 140.0
278.0 139.0
278.0 138.0
278.0 137.0
278.0 136.0
278.0 135.0
278.0 134.0
278.0 133.0
278.0 132.0
278.0 131.0
278.0 130.0
278.0 129.0
278.0 128.0
278.0 127.0
278.0 126.0
278.0 125.0
278.0 124.0
278.0 123.0
278.0 122.0
278.0 121.0
279.0 152.0
279.0 151.0
279.0 150.0
279.0 149.0
279.0 148.0
279.0 147.0
279.0 146.0
279.0 145.0
279.0 144.0
279.0 143.0
279.0 142.0
279.0 141.0
279.0 140.0
279.0 139.0
279.0 138.0
279.0 137.0
279.0 136.0
279.0 135.0
279.0 134.0
279.0 133.0
279.0 132.0
279.0 131.0
279.0 130.0
279.0 129.0
279.0 128.0
279.0 127.0
279.0 126.0
279.0 125.0
279.0 124.0
279.0 123.0
280.0 149.0
280.0 148.0
280.0 147.0
280.0 146.0
280.0 145.0
280.0 144.0
280.0 143.0
280.0 142.0
280.0 141.0
280.0 140.0
280.0 139.0
280.0 138.0
280.0 137.0
280.0 136.0
280.0 135.0
280.0 134.0
280.0 133.0
280.0 132.0
280.0 131.0
280.0 130.0
280.0 129.0
280.0 128.0
280.0 127.0
280.0 126.0
280.0 125.0
281.0 146.0
281.0 145.0
281.0 144.0
281.0 143.0
281.0 142.0
281.0 141.0
281.0 140.0
281.0 139.0
281.0 138.0
281.0 137.0
281.0 136.0
281.0 135.0
281.0 134.0
281.0 133.0
281.0 132.0
281.0 131.0
281.0 130.0
281.0 129.0
282.0 141.0
282.0 140.0
282.0 139.0
282.0 138.0
282.0 137.0
282.0 136.0
282.0 135.0
282.0 134.0
